38.1,36.26,9.2201,5,50.031,104.22,90.157,1,15,0.00062268,0.042192,0.0017444,4.223,1.1567
41.335,13.156,30.91,5,50.032,102.84,89.994,1,19,0.00064129,0.028406,6.6667e-05,2.8402,1.0885
19.148,8.2432,-6.5796,5,50.032,103.1,90.006,1,23,0.00063548,0.031042,6.6667e-05,3.1002,1.188
30.648,20.047,231.74,5,19.46,-1.6289,-59.137,0,6,0.6108,1.0163,1.6571,183.04,0.36469
48.547,37.388,133.75,5,50.031,101.39,89.962,1,13,0.0006133,0.013925,0.00042222,1.3909,1.0379
90.623,46.089,112.18,5,49.83,103.06,84.618,0,16,0.0033936,0.030604,0.0598,6.1934,1.1851
92.388,44.538,248.41,5,49.975,101.52,90.002,1,19,0.00050136,0.015198,2.2222e-05,1.5202,1.3609
64.126,47.783,57.215,5,49.81,104.08,88.282,1,12,0.0038037,0.040787,0.019089,4.431,1.1092
43.393,15.553,34.595,5,50.031,101.21,90.036,1,18,0.0006134,0.012101,0.0004,1.2109,1.0625
39.579,26.961,26.153,5,50.037,100.98,89.906,1,16,0.00074607,0.0098363,0.0010444,0.98519,1.0843
49.849,36.019,222.51,5,50.311,101.37,99.028,0,17,0.0062174,0.013687,0.10031,9.1367,1.3285
73.139,14.457,-81.014,5,76.438,-4.9585,263.49,0,4,0.52877,1.0496,1.9277,204.48,0.22569
21.512,14.991,157.2,5,10.25,-4.202,-57.421,0,6,0.795,1.042,1.638,184.85,0.33461
58.649,46.419,156.33,5,50.025,101.27,89.527,1,12,0.00049425,0.012726,0.0052556,1.3555,1.1055
59.671,45.21,107.74,5,50.011,102.99,90.266,1,12,0.00022253,0.029915,0.0029556,3.0018,1.0784
68.397,20.44,-3.2522,5,49.823,102.2,83.141,0,23,0.0035464,0.021977,0.076211,7.2054,1.4083
63.019,35.898,32.092,5,49.786,100.49,87.422,1,14,0.0042827,0.0048805,0.028644,2.6329,1.0702
64.012,26.035,197.43,5,50.033,100.86,89.906,1,17,0.00065143,0.008589,0.0010444,0.86575,1.1291
90.998,16.846,190.51,5,50.031,102.82,89.958,1,23,0.00061412,0.02821,0.00046667,2.8205,1.2404
31.914,25.409,16.065,5,50.029,100.77,90.171,1,17,0.00058692,0.0076565,0.0019,0.78929,1.1075
81.387,23.158,76.815,5,50.021,102.22,89.447,1,19,0.00042138,0.02225,0.0061444,2.2879,1.1445
37.417,29.986,213.2,5,50.03,103.18,90.066,1,35,0.00060564,0.031769,0.00073333,3.1808,2.4601
42.107,37.416,-1.2634,5,50.03,101.86,90.158,1,14,0.00060815,0.01857,0.0017556,1.8669,1.1097
38.99,30.464,269.87,5,17.867,-0.14182,-41.037,0,10,0.64266,1.0014,1.456,168.02,0.7102
42.574,43.308,254.02,5,50.035,103.18,89.952,1,34,0.00070014,0.031831,0.00053333,3.1806,2.9733
64.315,36.387,222.86,5,50.031,101.12,89.873,1,16,0.00062214,0.01118,0.0014111,1.1276,1.2269
21.283,24.696,151.65,5,50.031,101.01,90.037,1,33,0.00061573,0.010085,0.00041111,1.0112,2.0473
80.362,16.289,105.59,5,50.031,100.38,89.77,1,20,0.00062777,0.0038196,0.0025556,0.44527,1.123
82.317,49.827,-40.268,5,50.015,101.04,90.092,1,22,0.00029452,0.010354,0.0010222,1.0442,1.8432
70.657,12.454,33.653,5,50.012,104.5,90.126,1,21,0.00023721,0.044957,0.0014,4.5018,1.1673
86.009,19.484,62.387,5,50,100.24,89.893,1,20,4.6678e-06,0.002381,0.0011889,0.26277,1.1338
70.359,14.034,-83.154,5,79.286,-3.4328,-81.299,0,4,0.58572,1.0343,1.9033,202.24,0.22639
42.055,13.071,83.066,5,50.031,101.48,90.03,1,18,0.00061164,0.014798,0.00033333,1.4806,1.031
31.45,49.174,224.99,5,50.034,102.02,89.988,1,27,0.00068696,0.020207,0.00013333,2.0203,2.4951
38.712,49.597,35.414,5,50.07,103.09,89.782,1,12,0.0013996,0.030851,0.0024222,3.0985,1.1616
40.223,34.856,127.53,5,50.046,102.38,89.781,1,14,0.00092328,0.02379,0.0024333,2.3905,1.0626
70.865,30.027,110.97,5,50.024,100.33,89.552,1,16,0.00047739,0.0033462,0.0049778,0.55694,1.0956
59.752,28.041,115.91,5,50.031,104.75,89.919,1,16,0.00062003,0.047533,0.0009,4.7508,1.1017
29.581,9.9981,-29.465,5,50.03,100.12,90.044,1,21,0.00060909,0.0012411,0.00048889,0.13129,1.1377
48.029,40.615,28.506,5,50.033,103.32,90.025,1,13,0.00065715,0.033177,0.00027778,3.3203,1.094
43.909,47.929,198.12,5,53.166,104.23,82.258,0,14,0.063312,0.042273,0.086022,9.3731,1.3352
74.563,41.406,244.95,5,50.014,100.88,90.097,1,17,0.0002847,0.0087646,0.0010778,0.88544,1.3379
62.08,32.329,93.346,5,50.026,104.38,90.033,1,15,0.00052185,0.043782,0.00036667,4.3802,1.0911
36.019,33.998,227.59,5,50.034,102.59,89.947,1,32,0.00068638,0.025899,0.00058889,2.5908,2.3715
74.198,7.2136,111.39,5,50.032,104.95,89.981,1,22,0.00063165,0.049518,0.00021111,4.9501,1.1471
50.862,17.06,-88.051,5,50.021,104.62,89.994,1,26,0.00042477,0.046162,6.6667e-05,4.6201,1.5673
54.329,26.577,116.72,5,50.031,100.71,90.019,1,15,0.00061342,0.0071467,0.00021111,0.71093,1.0197
84.001,33.048,-5.7215,5,50.028,102.53,90.051,1,29,0.00056498,0.025308,0.00056667,2.5307,1.931
44.821,29.242,-3.7188,5,50.027,103.36,90.126,1,16,0.00054927,0.033648,0.0014,3.3625,1.1276
71.758,36.494,219.42,5,50.03,103.99,89.774,1,17,0.00060622,0.039864,0.0025111,3.9965,1.2662
71.664,12.626,148.02,5,50.03,100.94,89.998,1,20,0.00060564,0.0093563,2.2222e-05,0.94048,1.1109
55.133,44.711,192.67,5,50.045,101.87,89.331,1,13,0.00090025,0.018658,0.0074333,1.9866,1.1706
25.32,33.28,252.6,5,50.031,100.79,90.02,1,26,0.00062334,0.0079339,0.00022222,0.79086,1.8274
33.456,30.26,20.719,5,50.033,101.35,90.055,1,16,0.0006658,0.013536,0.00061111,1.3515,1.1161
23.368,13.516,-49.11,5,50.032,101.14,90.012,1,22,0.00063134,0.011355,0.00013333,1.1405,1.2156
89.146,23.736,265.09,5,50.032,103.47,89.914,1,24,0.00064916,0.034682,0.00095556,3.4712,1.3999
77.932,25.572,192.56,5,50.031,103.14,89.774,1,19,0.00062768,0.031436,0.0025111,3.1483,1.195
92.204,26.661,155.14,5,50.019,101.66,89.493,1,20,0.00037561,0.016567,0.0056333,1.7358,1.1818
34.87,18.767,71.313,5,50.036,104.17,89.952,1,18,0.00072996,0.041749,0.00053333,4.1704,1.0892
29.009,32.558,116.32,5,50.077,104.07,90.118,1,16,0.0015314,0.040713,0.0013111,4.0724,1.1326
41.948,46.849,-22.648,5,50.028,101.79,90.175,1,13,0.00056965,0.017918,0.0019444,1.7988,1.2091
37.218,11.766,-36.579,5,50.032,103.39,90.004,1,21,0.00063242,0.033875,4.4444e-05,3.3902,1.1777
32.712,21.8,142.86,5,50.049,103.85,90.631,1,18,0.0009899,0.038503,0.0070111,3.9017,1.1238
35.01,10.728,156.86,5,50.03,102.28,90.368,1,20,0.00059807,0.022752,0.0040889,2.3097,1.1047
23.395,21.195,97.771,5,50.046,103.39,89.829,1,19,0.0009163,0.033942,0.0019,3.3946,1.1422
14.611,39.442,169.4,5,50.032,103.11,90.03,1,29,0.00063673,0.031116,0.00033333,3.1103,2.0673
13.213,26.714,89.803,5,50.056,102.18,89.853,1,19,0.0011293,0.021788,0.0016333,2.1857,1.1585
26.908,41.04,227.68,5,50.033,102.7,89.99,1,26,0.0006545,0.026977,0.00011111,2.7002,2.053
82.251,9.132,17.325,5,94.237,-3.9897,-84.717,0,4,0.88474,1.0399,1.9413,208.08,0.20742
18.068,16.554,158.73,5,8.7185,-3.8151,-51.82,0,6,0.82563,1.0382,1.5758,180.54,0.33577
85.77,19.362,-8.6378,5,88.72,-0.87372,227.94,0,5,0.77439,1.0087,1.5327,175.22,0.2834
92.146,40.028,176.61,5,49.99,100.73,88.938,1,18,0.00020463,0.0072933,0.0118,1.2887,1.2278
76.817,8.0634,16.22,5,91.117,-2.3916,-73.905,0,4,0.82235,1.0239,1.8212,197.58,0.20884
33.398,37.127,96.878,5,50.063,102.37,90.72,1,14,0.0012595,0.023695,0.008,2.4778,1.0765
40.633,14.968,-14.074,5,50.031,102.01,90.015,1,19,0.0006274,0.020107,0.00016667,2.0103,1.1105
80.82,17.894,26.447,5,90.603,-2.8308,220.08,0,7,0.81206,1.0283,1.4453,170.71,0.39909
14.403,33.41,177.71,5,50.034,103.67,89.947,1,30,0.00068637,0.036654,0.00058889,3.6705,1.9866
32.277,20.514,167.36,5,50.045,101.09,90.396,1,19,0.00090622,0.010859,0.0044,1.1606,1.1665
73.988,7.3883,178.13,5,50.032,104,89.956,1,22,0.00064712,0.039967,0.00048889,4.0004,1.1498
9.5146,20.047,88.747,5,50.038,102.78,90.014,1,21,0.00075225,0.027828,0.00015556,2.7803,1.1716
15.474,37.411,85.418,5,50.059,104.28,90.849,1,17,0.0011897,0.042804,0.0094333,4.3638,1.1891
81.482,11.571,226.57,5,50.032,102.01,89.976,1,23,0.00063619,0.02007,0.00026667,2.0104,1.2251
71.194,10.785,-48.761,5,82.575,-3.9156,-84.958,0,4,0.6515,1.0392,1.944,206.08,0.21811
29.922,49.306,124.6,5,53.056,102.07,97.979,0,12,0.06111,0.020687,0.088656,8.7914,1.1004
22.215,18.392,201.07,5,22.837,-2.0888,-38.385,0,5,0.54327,1.0209,1.4265,166.26,0.29
66.968,44.404,200.02,5,50.02,102.57,89.452,1,14,0.00040921,0.025688,0.0060889,2.6279,1.2043
7.1554,41.107,62.048,5,50.093,101.13,90.342,1,17,0.0018571,0.011332,0.0038,1.1843,1.1671
16.129,14.976,46.578,5,50.034,100.6,89.989,1,21,0.00068416,0.0059985,0.00012222,0.60106,1.1473
46.187,27.271,246.76,5,50.061,101.88,90.789,1,22,0.0012226,0.018763,0.0087667,2.0398,1.5104
49.164,32.776,28.869,5,50.036,100.62,89.925,1,14,0.00071181,0.0061847,0.00083333,0.62556,1.0412
68.075,35.14,-36.602,5,50.029,101.05,90.041,1,30,0.00057221,0.010471,0.00045556,1.0512,2.2278
64.789,13.174,159.66,5,50.028,100.16,90.052,1,19,0.0005654,0.0016099,0.00057778,0.17055,1.0786
85.17,23.598,243.7,5,50.032,102.69,89.932,1,22,0.00063862,0.026883,0.00075556,2.691,1.3078
23.16,41.704,144.74,5,50.808,103.85,104.99,0,16,0.016151,0.03849,0.16656,15.498,1.2465
84.721,32.045,186.72,5,50.013,103.17,90.086,1,19,0.00026655,0.031701,0.00095556,3.1712,1.2449
73.96,45.933,266.51,5,50.03,103.32,89.773,1,18,0.00060737,0.033156,0.0025222,3.3279,1.5219
38.989,15.159,123.54,5,50.033,102.4,89.98,1,18,0.00066703,0.024012,0.00022222,2.4003,1.052
80.48,24.416,-8.4774,5,50.03,103.71,90.028,1,30,0.0006033,0.037105,0.00031111,3.7102,1.8405
7.7625,37.311,86.298,5,50.116,103.83,89.766,1,18,0.0023272,0.038295,0.0026,3.8389,1.1906
39.632,29.243,-40.217,5,50.029,104.46,90.078,1,18,0.00057547,0.044555,0.00086667,4.4608,1.2585
16.425,27.689,-89.469,5,50.032,104.14,90.022,1,23,0.00063132,0.041379,0.00024444,4.1402,1.4424
39.971,49.31,82.006,5,50.028,102.01,90.438,1,11,0.00055476,0.020142,0.0048667,2.0574,1.0644
14.769,44.047,86.93,5,50.141,100.44,97.437,0,15,0.0028151,0.0043689,0.082633,7.4513,1.1343
55.934,45.29,-35.781,5,47.826,103.06,71.12,0,16,0.043489,0.030622,0.20978,19.25,1.4537
59.799,22.093,223.34,5,50.035,101.19,89.909,1,19,0.00069677,0.011855,0.0010111,1.194,1.2099
92.614,8.642,145.99,5,50.032,103.01,89.911,1,24,0.00064181,0.030109,0.00098889,3.0115,1.1904
16.171,38.112,216.12,5,50.033,101.51,89.987,1,25,0.00066815,0.015133,0.00014444,1.5104,1.7723
35.138,40.183,-79.333,5,50.017,101.7,90.321,1,18,0.00034301,0.016983,0.0035667,1.7301,1.4602
36.85,43.307,-36.926,5,50.035,104.81,90.047,1,15,0.00069834,0.04809,0.00052222,4.8104,1.2887
35.731,36.231,53.253,5,50.045,103.42,89.838,1,15,0.00089882,0.034208,0.0018,3.4241,1.1477
40.036,42.968,248.23,5,50.032,102.37,90.024,1,32,0.00063782,0.023734,0.00026667,2.3703,2.7636
40.862,37.149,108.22,5,50.03,100.33,90.154,1,13,0.00059168,0.0032521,0.0017111,0.3654,1.0234
46.564,23.391,260.25,5,50.07,101.4,89.803,1,24,0.001392,0.014044,0.0021889,1.4155,1.5648
82.496,39.445,164.16,5,49.979,100.79,88.623,1,16,0.00041498,0.0079073,0.0153,1.5877,1.1641
76.177,25.771,98.847,5,50.012,102.71,90.078,1,18,0.00023777,0.027058,0.00086667,2.7111,1.1435
10.814,8.4042,20.047,5,50.032,100.27,90.011,1,23,0.00064667,0.0026728,0.00012222,0.27211,1.1543
11.357,11.526,121.95,5,50.04,100.48,89.993,1,22,0.00079743,0.0048272,7.7778e-05,0.48171,1.1394
10.871,47.145,208.5,5,50.032,103.38,90.119,1,25,0.00064944,0.033765,0.0013222,3.3822,1.9008
7.1534,21.47,139.09,5,50.117,100.06,89.76,1,21,0.002345,0.00061047,0.0026667,0.27366,1.1737
42.649,15.554,119.93,5,50.033,104.08,89.969,1,18,0.00065553,0.04083,0.00034444,4.0803,1.0618
62.634,49.995,-33.4,5,50.019,103.4,89.934,1,31,0.00037018,0.033952,0.00073333,3.4007,3.0053
77.313,18.582,-72.131,5,50.031,104.99,90.013,1,27,0.00062125,0.049903,0.00014444,4.9901,1.572
19.263,45.158,45.283,5,50.101,103.01,89.881,1,15,0.0020255,0.030121,0.0013222,3.014,1.193
64,22.261,244.86,5,50.034,104.41,89.933,1,21,0.00067586,0.044051,0.00074444,4.4106,1.3293
7.7077,40.085,130.51,5,50.947,101.06,105.24,0,17,0.018941,0.01064,0.16933,15.306,1.159
35.255,20.41,103.93,5,50.034,101.69,90.112,1,17,0.00068174,0.016873,0.0012444,1.694,1.0501
11.779,26.981,161.23,5,-0.065088,19.278,237.2,0,3,1.0013,0.80722,1.6356,175.19,0.182
28.591,26.356,14.272,5,50.032,104.98,90.062,1,18,0.00063747,0.049778,0.00068889,4.9805,1.1735
15.538,25.677,170.51,5,50.031,100.53,90.038,1,31,0.00061475,0.0052986,0.00042222,0.53226,1.892
87.014,43.773,-4.9487,5,50.028,100.06,89.972,1,27,0.00055493,0.00061157,0.00031111,0.071889,2.0054
73.724,24.653,-22.589,5,50.031,101.43,90.015,1,30,0.00061505,0.01434,0.00016667,1.4304,1.8989
48.638,27.102,4.8626,5,50.035,102.11,89.915,1,16,0.00069092,0.021068,0.00094444,2.112,1.0972
69.376,20.656,-24.462,5,81.021,-1.3765,211.1,0,8,0.62043,1.0138,1.3456,160.95,0.48974
29.259,15.809,255.52,5,20.696,-1.5525,267.57,0,4,0.58609,1.0155,1.973,206.65,0.23066
79.265,33.291,268.38,5,50.032,102.13,89.92,1,21,0.00064897,0.02129,0.00088889,2.1317,1.4414
19.77,32.984,129.23,5,50.136,102.22,89.682,1,17,0.0027242,0.02222,0.0035333,2.2468,1.1562
22.772,13.443,233.26,5,23.83,-0.63781,-61.379,0,3,0.52341,1.0064,1.682,183.65,0.16531
78.594,9.3065,173.04,5,50.028,102.34,90.047,1,22,0.00056687,0.023439,0.00052222,2.3406,1.1567
77.67,13.462,-64.373,5,73.641,-0.15242,230.06,0,3,0.47282,1.0015,1.5562,173.8,0.1651
78.277,20.925,25.251,5,82.704,-1.146,193.74,0,8,0.65409,1.0115,1.1527,148.53,0.47631
84.583,9.3786,85.41,5,50.025,101.31,90.072,1,22,0.00049848,0.013083,0.0008,1.3122,1.1341
43.825,9.3654,77.815,5,50.032,103.32,90,1,19,0.00063239,0.033191,0,3.3202,1.0457
8.3807,21.265,67.119,5,50.041,102.46,89.984,1,21,0.00081886,0.024584,0.00017778,2.4604,1.179
36.541,13.002,116.79,5,50.032,104.46,90.035,1,19,0.00064582,0.044579,0.00038889,4.4603,1.0791
10.087,20.407,101.94,5,50.031,103.93,90.427,1,21,0.00061684,0.039308,0.0047444,3.9533,1.1792
48.243,49.755,145.65,5,50.033,102.95,89.49,1,11,0.00065149,0.029522,0.0056667,2.9939,1.094
78.152,40.315,-37.67,5,50.032,101.8,89.909,1,24,0.00064239,0.018033,0.0010111,1.8026,1.8184
67.722,31.988,263.57,5,50.028,102.5,90.068,1,20,0.00056489,0.024961,0.00075556,2.5011,1.4228
70.574,21.413,-73.76,5,77.793,-0.26267,248.17,0,5,0.55587,1.0026,1.7574,189.32,0.30775
65.061,41.215,159.76,5,50.021,103.07,89.449,1,14,0.00041689,0.030713,0.0061222,3.1191,1.1535
91.361,17.757,124.47,5,50.031,103.57,89.762,1,22,0.00062284,0.035696,0.0026444,3.5781,1.1949
14.318,25.77,-7.6359,5,50.034,101.25,90.033,1,20,0.00068064,0.012492,0.00036667,1.2509,1.2142
13.696,10.801,155.93,5,-0.97623,0.96537,251.79,0,4,1.0195,0.99035,1.7977,196.42,0.20768
59.106,14.629,71.678,5,50.031,102.84,90.014,1,18,0.00061751,0.028428,0.00015556,2.8402,1.0483
34.413,26.265,-0.0086576,5,50.038,102.11,89.913,1,17,0.00075035,0.021062,0.00096667,2.1121,1.1279
15.592,39.282,-41.354,5,50.039,104.22,90.202,1,18,0.00078926,0.042217,0.0022444,4.225,1.2896
80.965,21.895,60.051,5,50.006,100.89,89.82,1,19,0.00012832,0.0089076,0.002,0.90804,1.1307
86.173,9.5388,259.82,5,50.03,103.13,90.028,1,26,0.00060352,0.0313,0.00031111,3.1303,1.3344
60.723,49.145,47.561,5,49.876,101.04,89.846,1,11,0.002479,0.01043,0.0017111,1.0586,1.0582
31.932,8.761,197.3,5,8.8821,-0.94281,258.91,0,6,0.82236,1.0094,1.8768,201.02,0.32254
19.727,13.849,-61.118,5,50.031,101.19,90.017,1,23,0.00062948,0.011886,0.00018889,1.1905,1.2594
86.475,22.201,130.66,5,50.012,101.22,90.128,1,20,0.00023198,0.012234,0.0014222,1.2268,1.1638
50.621,29.049,20.527,5,50.031,101.25,90.028,1,15,0.00061367,0.012514,0.00031111,1.2507,1.057
90.839,28.885,37.544,5,49.829,102.27,84.523,0,20,0.0034243,0.022656,0.060856,5.9312,1.2194
76.357,37.203,11.965,5,50.032,102.37,89.922,1,29,0.00064568,0.02371,0.00086667,2.3715,2.1291
27.462,39.762,180.91,5,50.032,103.02,90.025,1,29,0.00063757,0.030192,0.00027778,3.0203,2.2545
68.372,13.143,151.98,5,50.029,103.38,90.046,1,20,0.00057318,0.033755,0.00051111,3.3804,1.1264
24.218,30.151,197.19,5,50.032,104.06,89.996,1,29,0.00063974,0.04056,4.4444e-05,4.0601,1.9475
27.056,21.23,266.42,5,25.471,-2.8581,-65.697,0,5,0.49057,1.0286,1.73,188.21,0.30471
31.765,13.945,77.502,5,50.03,102.8,90.181,1,19,0.0006059,0.027991,0.0020111,2.806,1.08
57.891,33.512,-43.959,5,49.899,104.69,88.989,1,20,0.0020106,0.046911,0.011233,4.7988,1.4936
37.7,8.1278,41.09,5,50.032,101.05,89.991,1,20,0.00064436,0.010475,0.0001,1.0505,1.0788
70.982,28.611,255.36,5,50.029,101.95,90.038,1,20,0.00057696,0.019527,0.00042222,1.9506,1.3439
72.405,12.607,212,5,50.032,100.96,89.959,1,21,0.00064811,0.009565,0.00045556,0.96141,1.1638
70.372,40.032,140.93,5,50.021,103.98,89.537,1,15,0.00041081,0.039811,0.0051444,4.0069,1.1842
89.971,37.928,195.61,5,50.024,104.78,89.556,1,19,0.00048231,0.047766,0.0049333,4.8006,1.2868
47.876,32.965,207.86,5,50.098,102.69,91.65,1,17,0.0019614,0.026938,0.018333,3.1572,1.2674
34.565,45.921,51.371,5,50.067,102.5,89.885,1,13,0.0013476,0.024961,0.0012778,2.5035,1.1558
14.515,12.225,153.19,5,-1.1927,4.46,244.33,0,4,1.0239,0.9554,1.7148,188.59,0.21125
62.583,22.501,220.38,5,50.029,103.03,90.044,1,19,0.00058276,0.030342,0.00048889,3.0305,1.21
41.753,45.539,-41.597,5,49.992,104.74,90.603,1,15,0.0001594,0.047405,0.0067,4.7782,1.3616
86.868,27.907,25.743,5,100.27,23.934,-42.283,0,3,1.0055,0.76066,1.4698,160.66,0.18525
52.798,15.39,27.598,5,50.03,102.81,90.046,1,18,0.00059851,0.02808,0.00051111,2.8105,1.0631
66.291,42.898,70.628,5,49.845,103.46,89.095,1,13,0.0031075,0.03459,0.010056,3.5798,1.0946
7.868,29.226,15.938,5,50.036,103.75,90.349,1,20,0.00072755,0.037509,0.0038778,3.7664,1.2141
36.662,26.19,174.56,5,50.112,104.12,90.367,1,18,0.002238,0.041192,0.0040778,4.1378,1.1999
15.905,23.446,-45.113,5,50.035,102.95,89.971,1,21,0.00070848,0.029452,0.00032222,2.9504,1.2529
11.931,9.2857,58.982,5,50.032,102.45,90.028,1,23,0.00063688,0.024483,0.00031111,2.4504,1.169
32.503,36.534,-55.457,5,50.038,102.29,89.905,1,17,0.00075417,0.022925,0.0010556,2.2923,1.2911
91.662,14.985,177.53,5,50.027,100.86,90.025,1,23,0.00054662,0.0086397,0.00027778,0.86079,1.2147
28.092,15.582,120.28,5,50.034,101.11,90.191,1,19,0.00067429,0.011084,0.0021222,1.1268,1.0893
7.1,39.571,59.942,5,50.058,104.43,90.432,1,18,0.0011515,0.044281,0.0048,4.4514,1.2144
54.78,36.328,20.437,5,50.039,102.29,89.354,1,14,0.0007706,0.022921,0.0071778,2.3797,1.0963
44.28,36.391,254.93,5,50.122,102.6,97.866,0,22,0.0024429,0.026046,0.0874,8.2855,1.7224
87.055,15.425,-71.932,5,50.03,102.75,90.026,1,27,0.00060483,0.027465,0.00028889,2.7503,1.462
92.358,48.51,-16.066,5,50.019,101.23,90.033,1,26,0.00037502,0.012341,0.00036667,1.2306,1.9498
85.379,37.757,199.03,5,50.024,103.27,89.559,1,18,0.00048442,0.032689,0.0049,3.2997,1.2571
87.259,30.326,188.32,5,50.018,104.22,90.043,1,20,0.00036246,0.042238,0.00047778,4.2203,1.2657
13.421,26.589,157.64,5,-0.65916,15.754,255.09,0,4,1.0132,0.84246,1.8343,192.14,0.24384
86.261,21.198,183.94,5,50.027,100.83,90.023,1,21,0.00053141,0.0082721,0.00025556,0.83076,1.2104
62.768,45.104,-53.425,5,50.032,104.88,89.921,1,31,0.00064829,0.048835,0.00087778,4.8807,2.7501
78.584,21.382,159.79,5,50.03,100.63,89.801,1,19,0.00059688,0.0063065,0.0022111,0.66136,1.1356
75.658,15.205,150.19,5,50.031,101.22,89.943,1,20,0.00062813,0.012213,0.00063333,1.2217,1.1288
34.23,34.763,94.107,5,50.075,100.37,90.089,1,14,0.0015069,0.0037055,0.00098889,0.38787,1.043
22.309,40.946,40.162,5,50.055,100.78,90.976,1,15,0.0010961,0.007759,0.010844,1.2506,1.1499
81.369,9.7058,166.96,5,50.032,101.51,89.938,1,22,0.00063761,0.015064,0.00068889,1.5116,1.1508
84.675,23.658,96.238,5,50.02,100.28,89.469,1,19,0.00039046,0.0028287,0.0059,0.60063,1.133
62.04,18.27,170.02,5,50.028,101.15,90.045,1,18,0.00056846,0.011536,0.0005,1.1512,1.0894
62.495,8.1379,144.65,5,50.03,100.94,90.022,1,20,0.00060879,0.0093891,0.00024444,0.94074,1.0787
72.552,38.122,266.62,5,50.028,101.13,90.02,1,19,0.00055315,0.011271,0.00022222,1.1305,1.4425
42.955,9.3312,206.6,5,50.039,100.61,90.147,1,22,0.0007737,0.0060562,0.0016333,0.62867,1.2096
29.724,9.35,12.845,5,50.032,103.5,90.014,1,21,0.00063075,0.035006,0.00015556,3.5002,1.1304
47.425,17.211,30.766,5,50.032,104.75,89.987,1,18,0.00064541,0.047505,0.00014444,4.7501,1.0866
43.798,11.117,197.73,5,50.044,102.14,90.251,1,21,0.00087166,0.021374,0.0027889,2.1551,1.1785
36.339,38.045,-30.052,5,50.03,101.21,90.175,1,15,0.00060937,0.012111,0.0019444,1.223,1.1822
75.498,43.267,18.079,5,50.025,102.15,90.072,1,28,0.00050309,0.021473,0.0008,2.1514,2.2508
72.261,40.583,-16.762,5,50.032,102.19,89.9,1,28,0.00064765,0.021872,0.0011111,2.1925,2.2065
71.7,42.855,130,5,49.99,101.15,89.665,1,14,0.0001909,0.011468,0.0037222,1.1978,1.1452
63.986,45.031,75.42,5,49.943,101.7,88.963,1,12,0.0011495,0.016955,0.011522,1.9921,1.0578
81.516,25.985,70.412,5,50.024,104.82,89.561,1,19,0.00048532,0.048238,0.0048778,4.84,1.1809
16.958,36.621,70.778,5,50.049,103.85,90.102,1,17,0.00098901,0.038514,0.0011333,3.8517,1.1892
31.893,49.6,195.08,5,50.046,101.45,89.841,1,28,0.00092606,0.014465,0.0017667,1.4594,2.6142
72.609,21.693,38.515,5,49.995,103.37,89.949,1,19,9.3861e-05,0.033656,0.00056667,3.3704,1.1656
48.852,33.824,84.404,5,50.032,103.77,89.993,1,14,0.00063247,0.037717,7.7778e-05,3.7701,1.0576
30.12,30.813,-6.8438,5,50.03,103.91,90.189,1,17,0.00059511,0.039076,0.0021,3.9147,1.1808
32.714,16.911,14.102,5,50.032,102.49,90.011,1,19,0.00063761,0.024904,0.00012222,2.4902,1.1194
50.021,19.05,49.241,5,50.032,103,89.996,1,17,0.00064007,0.029983,4.4444e-05,3.0002,1.05
27.428,45.179,143.35,5,51.421,101.66,105.24,0,14,0.028414,0.016564,0.16933,15.396,1.1807
48.66,27.251,-46.818,5,49.969,101.89,88.653,1,19,0.00061316,0.018855,0.014967,2.3211,1.3056
46.839,36.623,-81.736,5,49.916,101.62,84.429,0,20,0.0016738,0.016246,0.0619,5.8024,1.5759
19.236,11.872,143.68,5,50.039,101.41,90.186,1,22,0.00078366,0.01412,0.0020667,1.4227,1.1784
52.346,23.122,105.98,5,50.032,102.89,89.992,1,16,0.00063995,0.028892,8.8889e-05,2.8902,1.0401
58.963,30.901,156.77,5,50.025,100.59,90.074,1,15,0.00050318,0.0058725,0.00082222,0.59515,1.0764
85.372,36.125,-76.544,5,50.026,100.89,90.057,1,22,0.00051433,0.0089364,0.00063333,0.8922,1.5065
51.009,8.4014,155.54,5,50.032,101.16,89.993,1,19,0.00063548,0.011601,7.7778e-05,1.1605,1.0371
32.332,47.746,11.655,5,50.045,103.08,90.408,1,13,0.00090428,0.030806,0.0045333,3.1072,1.1784
68.401,31.478,58.562,5,49.884,100.33,90.185,1,15,0.002319,0.0032642,0.0020556,0.3957,1.0571
67.64,13.505,-15.428,5,88.853,-2.7569,238.56,0,8,0.77705,1.0276,1.6507,184.77,0.45313
76.775,12.316,26.867,5,95.021,-1.0766,261.53,0,6,0.90042,1.0108,1.9059,204.12,0.32722
33.752,26.26,-52.555,5,50.033,103.18,89.985,1,19,0.00065216,0.031843,0.00016667,3.1802,1.2581
44.272,26.369,242.07,5,50.063,101.53,90.705,1,22,0.0012542,0.01534,0.0078333,1.6858,1.4894
10.538,24.143,-25.121,5,50.033,100.39,90.085,1,21,0.00066532,0.0039107,0.00094444,0.40052,1.228
43.345,14.871,42.732,5,50.031,100.44,90.036,1,18,0.00061358,0.0044087,0.0004,0.44256,1.054
56.071,8.5901,123.14,5,50.032,100.23,89.983,1,19,0.00063943,0.0022695,0.00018889,0.23284,1.037
70.495,31.992,41.107,5,49.89,101.01,89.708,1,16,0.0021908,0.01008,0.0032444,1.0571,1.1263
23.79,23.578,40.336,5,50.03,104.32,90.131,1,19,0.00060402,0.043198,0.0014556,4.3221,1.1759
58.972,16.992,-55.085,5,87.534,-1.2125,196.84,0,13,0.75068,1.0121,1.1871,151.88,0.77852
47.179,10.116,15.134,5,50.031,102.05,90.021,1,19,0.00062014,0.020469,0.00023333,2.0503,1.0564
62.79,45.233,269.53,5,50.039,101.98,90.373,1,18,0.00077694,0.01983,0.0041444,2.0152,1.6003
74.546,33.088,61.619,5,49.99,101.19,89.023,1,16,0.0002033,0.011894,0.010856,1.5397,1.1225
16.188,29.796,94.727,5,50.059,102.33,90.043,1,18,0.0011874,0.023269,0.00047778,2.3311,1.155
38.278,10.14,66.35,5,50.032,101.68,90.022,1,19,0.00063125,0.016814,0.00024444,1.6804,1.0483
39.077,19.317,118.55,5,50.032,101.67,90.062,1,17,0.00063065,0.016667,0.00068889,1.6715,1.044
87.89,24.176,262.34,5,50.033,100.64,89.914,1,23,0.00065226,0.0063857,0.00095556,0.64659,1.3567
21.53,49.462,255.78,5,50.046,101.99,89.832,1,19,0.00092744,0.019934,0.0018667,1.9976,1.6378
42.07,26.792,232.26,5,50.13,102.03,90.193,1,22,0.0026086,0.020325,0.0021444,2.0433,1.4938
14.096,16.727,-32.532,5,50.033,100.92,90.005,1,22,0.00065139,0.0092009,5.5556e-05,0.92061,1.213
70.623,8.8436,227.31,5,50.031,100.34,90.013,1,22,0.00061661,0.0034329,0.00014444,0.34166,1.177
53.561,15.379,94.86,5,50.032,104.95,90,1,18,0.00063367,0.049521,0,4.9501,1.0626
81.184,11.797,-88.916,5,50.032,104.05,89.976,1,26,0.00064528,0.040471,0.00026667,4.0502,1.3896
14.671,38.859,118.05,5,50.154,100.16,98.426,0,16,0.0030893,0.0015999,0.093622,8.4289,1.1329
7.2318,41.813,-18.972,5,50.046,100.82,91.069,1,18,0.00092396,0.0081715,0.011878,1.3481,1.2463
54.845,26.965,117.09,5,50.032,100.92,89.973,1,15,0.00064348,0.0092323,0.0003,0.92095,1.0247
49.92,12.648,96.837,5,50.032,102.64,90.004,1,18,0.00063033,0.026447,4.4444e-05,2.6402,1.0303
86.464,15.169,-65.507,5,50.03,100.04,90.022,1,27,0.0006088,0.00040074,0.00024444,0.054626,1.462
17.881,17.184,-36.638,5,50.03,104.17,90.068,1,22,0.0006044,0.041697,0.00075556,4.1707,1.2384
58.013,48.482,22.253,5,49.804,103.6,87.667,1,12,0.0039134,0.036046,0.025922,4.2943,1.1508
74.759,21.248,216.26,5,50.033,102.46,89.904,1,20,0.00065353,0.024603,0.0010667,2.4621,1.2114
16.577,28.474,-87.987,5,50.032,100.47,90.012,1,22,0.00064624,0.0047164,0.00013333,0.47124,1.3933
58.265,8.3375,226.67,5,50.033,100.78,89.975,1,22,0.00066392,0.0078036,0.00027778,0.7811,1.1952
79.163,37.59,126.16,5,49.983,101.54,90.066,1,16,0.00033891,0.015396,0.00073333,1.5415,1.1613
78.575,14.951,268.6,5,50.032,104.06,89.981,1,25,0.00064225,0.040609,0.00021111,4.0602,1.3932
61.864,24.272,208.64,5,50.031,103.1,90.008,1,18,0.0006108,0.031029,8.8889e-05,3.1002,1.1741
49.231,42.584,-39.747,5,49.76,104.63,83.593,0,16,0.0048037,0.046258,0.071189,7.9085,1.3932
69.219,43.386,-8.0272,5,50.031,100.32,89.767,1,29,0.00061301,0.0032003,0.0025889,0.39705,2.4253
10.592,48.868,78.49,5,50.554,102.18,101.79,0,15,0.011071,0.021771,0.131,12.003,1.1618
79.704,32.312,28.129,5,50.029,104.04,90.045,1,32,0.00057351,0.040387,0.0005,4.0404,2.1645
30.99,34.295,130.94,5,50.092,102.06,96.602,0,15,0.0018304,0.020556,0.073356,6.9165,1.0965
91.619,39.508,89.476,5,49.886,101.49,87.962,1,17,0.0022859,0.014935,0.022644,2.5272,1.1576
15.895,23.709,-68.918,5,50.032,101.97,90.029,1,22,0.00063684,0.019681,0.00032222,1.9705,1.3163
51.019,16.786,140.24,5,50.032,104.84,89.985,1,18,0.00063954,0.048436,0.00016667,4.8401,1.0815
8.0149,15.944,-75.625,5,50.033,100.95,89.978,1,25,0.00066543,0.0094733,0.00024444,0.95083,1.3304
9.2065,12.088,4.0358,5,50.031,104.6,90.037,1,24,0.00062215,0.046004,0.00041111,4.6003,1.2382
57.128,33.143,54.965,5,50.035,101.68,89.881,1,14,0.00070357,0.016792,0.0013222,1.6846,1.0411
55.885,37.135,164.55,5,50.026,103.13,90.032,1,14,0.00052291,0.031267,0.00035556,3.1303,1.1087
14.88,38.986,-84.738,5,50.045,101.48,89.834,1,20,0.00090626,0.014786,0.0018444,1.49,1.4205
78.972,32.123,134.29,5,50.021,101.06,89.541,1,17,0.00042895,0.010611,0.0051,1.1553,1.1517
43.399,40.965,8.4781,5,50.04,101.3,89.916,1,13,0.00080349,0.012952,0.00093333,1.3033,1.0942
17.366,27.244,132.42,5,50.044,104.56,90.959,1,19,0.00087185,0.045635,0.010656,4.66,1.1914
50.125,48.748,187.8,5,50.156,100.42,90.673,1,12,0.0031185,0.0042231,0.0074778,0.8085,1.1707
83.596,28.335,228.43,5,50.031,102.36,89.768,1,20,0.00061255,0.023574,0.0025778,2.3716,1.2634
48.242,17.474,191.83,5,50.04,102.55,90.052,1,19,0.00080173,0.025518,0.00057778,2.5508,1.1509
50.606,22.353,243.43,5,50.049,103.67,91.014,1,22,0.00097593,0.036687,0.011267,3.8078,1.4166
86.679,40.328,-79.988,5,50.021,101.1,89.993,1,21,0.00042656,0.010969,7.7778e-05,1.1002,1.4991
14.685,30.265,202.24,5,50.034,102.21,89.95,1,28,0.00068248,0.022105,0.00055556,2.2108,1.791
41.987,30.509,87.499,5,50.035,103.87,89.918,1,15,0.0006955,0.038721,0.00091111,3.871,1.0722
43.56,35.26,262.5,5,50.034,102.75,89.949,1,36,0.00068592,0.027506,0.00056667,2.7507,2.7667
57.193,35.673,142.65,5,50.031,101,89.779,1,14,0.00062705,0.01003,0.0024556,1.0246,1.0814
26.09,14.299,180.46,5,11.627,-0.15385,-84.62,0,5,0.76747,1.0015,1.9402,204.93,0.28098
69.208,49.486,7.2436,5,46.108,101.28,101.75,0,14,0.077831,0.012795,0.13056,12.444,1.2953
65.489,44.56,107.32,5,49.851,100.1,88.877,1,12,0.0029846,0.00096737,0.012478,1.1372,1.0423
53.459,14.597,73.493,5,50.031,104.26,90.01,1,18,0.00062676,0.042643,0.00011111,4.2601,1.053
65.93,38.004,14.796,5,49.203,100.61,74.781,0,15,0.015949,0.0060827,0.1691,15.252,1.1717
61.239,43.309,85.288,5,50.028,100.78,89.452,1,12,0.00056157,0.007788,0.0060889,0.95367,1.0382
88.207,41.891,152.44,5,49.982,104.45,88.828,1,17,0.00036157,0.044455,0.013022,4.6018,1.2222
64.4,22.692,-73.659,5,81.625,-3.8905,232.21,0,8,0.63251,1.0389,1.5801,178.93,0.50866
32.188,42.73,70.395,5,50.119,101.25,90.599,1,13,0.002379,0.012543,0.0066556,1.3912,1.0838
27.739,16.686,179.72,5,13.373,-2.3041,-52.13,0,7,0.73254,1.023,1.5792,178.91,0.40586
18.72,45.85,259.63,5,50.033,104.63,90.063,1,20,0.00066391,0.046312,0.0007,4.6305,1.5991
81.184,12.75,33.87,5,49.996,103.21,89.944,1,23,8.5612e-05,0.032067,0.00062222,3.2105,1.2412
28.685,31.229,36.581,5,50.035,104.75,90.01,1,17,0.0007027,0.047534,0.00011111,4.7501,1.1806
15.678,40.436,116.61,5,50.136,102.42,97.53,0,16,0.0027247,0.024174,0.083667,7.9105,1.1637
46.553,33.462,-87.897,5,49.853,100.99,88.588,1,21,0.0029329,0.0098843,0.015689,1.7307,1.5759
30.917,10.937,-13.503,5,50.031,103.73,90.024,1,21,0.00062079,0.037348,0.00026667,3.7302,1.1528
62.725,18.041,129.59,5,50.029,100.75,90.042,1,18,0.00057744,0.0074976,0.00046667,0.75173,1.0851
25.495,43.852,154.12,5,50.046,100.08,89.864,1,30,0.00091603,0.00081101,0.0015111,0.16435,2.4485
52.144,46.883,-78.206,5,49.187,102.55,74.726,0,19,0.016252,0.025515,0.16971,15.507,1.787
58.206,24.501,-9.666,5,49.885,101.75,90.338,1,18,0.0023064,0.017531,0.0037556,1.786,1.1851
79.059,9.4973,150.47,5,50.029,103.28,90.04,1,22,0.00057694,0.032804,0.00044444,3.2804,1.1572
70.668,16.317,30.656,5,50.022,101.99,89.542,1,20,0.00043468,0.019915,0.0050889,2.0421,1.1601
49.837,16.848,263.94,5,50.037,102.1,90.027,1,25,0.00074309,0.021024,0.0003,2.1005,1.5033
24.662,33.517,-3.9189,5,50.04,103.48,89.995,1,17,0.00079305,0.034758,5.5556e-05,3.4802,1.1947
22.886,7.5042,259.84,5,25.89,-1.8052,-60.133,0,2,0.4822,1.0181,1.6681,182.99,0.10375
30.516,33.716,106.72,5,50.132,102.21,89.549,1,15,0.0026307,0.02211,0.0050111,2.2594,1.0856
81.129,28.638,151.47,5,50.022,101.05,89.693,1,18,0.0004326,0.010511,0.0034111,1.0942,1.156
7.8888,19.965,-44.463,5,50.037,102.21,89.91,1,23,0.00074231,0.022117,0.001,2.2121,1.2716
62.459,16.162,-9.9604,5,50.023,103.67,89.591,1,21,0.00047,0.036676,0.0045444,3.6928,1.2388
74.025,33.208,146.99,5,50.019,100.21,89.499,1,16,0.00037424,0.002099,0.0055667,0.54356,1.127
32.367,31.172,266.44,5,50.032,100.83,90.001,1,31,0.00063399,0.0082751,1.1111e-05,0.83062,2.1815
9.5214,41.331,246.2,5,50.033,104.15,90.091,1,23,0.00066354,0.041471,0.0010111,4.1511,1.6134
19.865,8.7729,94.828,5,50.032,103.54,90.024,1,22,0.00063805,0.035432,0.00026667,3.5402,1.1449
39.573,32.043,29.457,5,50.029,101,90.176,1,15,0.00058531,0.0099549,0.0019556,1.0158,1.0909
87.337,14.222,79.505,5,50.03,104.44,89.801,1,22,0.00059664,0.04441,0.0022111,4.4446,1.1758
71.104,26.153,156.2,5,50.028,100.02,89.889,1,17,0.00055237,0.00023083,0.0012333,0.11621,1.1067
32.419,15.745,113.41,5,50.043,100.06,90.055,1,18,0.00086676,0.00057104,0.00061111,0.092054,1.0457
57.956,19.054,-51.425,5,49.973,104.5,90.054,1,24,0.00054352,0.044986,0.0006,4.5004,1.4754
78.863,38.051,165.82,5,49.978,101.7,89.997,1,16,0.00044443,0.016981,3.3333e-05,1.7001,1.1706
15.699,12.71,147.37,5,50.048,103.4,90.14,1,24,0.00096884,0.034036,0.0015556,3.4032,1.2795
49.987,47.04,-13.865,5,49.857,102.32,89.439,1,13,0.0028522,0.023192,0.0062333,2.3911,1.2273
82.854,23.288,-54.536,5,50.033,100.78,89.95,1,26,0.00065281,0.0078319,0.00055556,0.7823,1.5578
19.868,38.629,255.45,5,50.035,101.19,89.979,1,21,0.00070029,0.011933,0.00023333,1.1907,1.5358
73.196,32.795,126.59,5,50.022,100.42,89.446,1,16,0.00043285,0.004234,0.0061556,0.69556,1.1252
46.044,33.085,225.3,5,50.149,103.52,96.8,0,19,0.002985,0.035229,0.075556,7.6585,1.4172
38.557,27.562,20.323,5,50.037,101.1,89.938,1,16,0.00073483,0.011029,0.00068889,1.1024,1.0909
21.869,27.165,44.942,5,50.043,101.72,89.935,1,18,0.00086825,0.017182,0.00072222,1.7218,1.1527
31.586,10.998,128.78,5,50.046,104.51,89.853,1,20,0.00092726,0.045146,0.0016333,4.5126,1.1003
44.573,24.289,238.88,5,50.044,101.49,90.972,1,22,0.00087403,0.014859,0.0108,1.7796,1.4492
78.692,11.124,-52.79,5,75.828,-2.6416,233.34,0,3,0.51656,1.0264,1.5927,178.18,0.16061
58.654,36.941,242.81,5,50.049,103.04,90.172,1,18,0.00098531,0.030406,0.0019111,3.0453,1.414
40.971,31.012,-64.258,5,50.011,101.81,90.134,1,19,0.00022368,0.01815,0.0014889,1.815,1.3654
46.935,39.553,221.07,5,51.611,103.46,105.23,0,17,0.03222,0.034624,0.16922,15.701,1.4044
31.386,24.066,-55.321,5,50.031,104.41,90.028,1,20,0.00062169,0.044071,0.00031111,4.4102,1.2791
87.098,34.595,259.67,5,50.03,102.65,89.79,1,21,0.00059646,0.026503,0.0023333,2.6585,1.3964
72.721,9.107,119.65,5,50.028,102.41,90.049,1,21,0.00056609,0.024137,0.00054444,2.4107,1.1207
76.855,28.371,158.85,5,50.014,103.84,90.098,1,18,0.00028496,0.038385,0.0010889,3.8413,1.1765
86.678,43.705,-40.142,5,50.031,102.63,89.768,1,24,0.00062766,0.026346,0.0025778,2.6404,1.786
66.201,48.4,51.297,5,49.219,103.44,76.224,0,12,0.015624,0.034373,0.15307,14.22,1.1094
45.715,10.211,138.77,5,50.032,103.53,89.98,1,19,0.00064656,0.035346,0.00022222,3.5302,1.0568
7.839,14.103,144.14,5,50.05,100.31,91.06,1,23,0.00099786,0.0030666,0.011778,1.1055,1.2018
76.157,36.304,176.75,5,50.013,101.34,89.735,1,16,0.00026619,0.01341,0.0029444,1.366,1.1618
12.979,22.715,134.34,5,50.053,101.61,91.011,1,20,0.0010616,0.016136,0.011233,1.9018,1.1669
42.145,30.764,246.88,5,50.034,101.68,89.959,1,36,0.00067452,0.016777,0.00045556,1.6808,2.5832
18.057,23,18.738,5,50.029,104.93,90.195,1,20,0.00058743,0.049318,0.0021667,4.9339,1.1996
71.557,19.438,230.47,5,50.033,104.76,89.951,1,21,0.00065129,0.04758,0.00054444,4.7604,1.259
43.79,19.24,56.549,5,50.033,100.7,89.984,1,17,0.00065701,0.0070222,0.00017778,0.70096,1.0494
64.377,21.631,-6.7111,5,49.991,103.31,89.607,1,20,0.00018812,0.033125,0.0043667,3.3333,1.2551
19.826,31.47,-73.589,5,50.034,100.26,89.993,1,20,0.00067758,0.002629,7.7778e-05,0.26231,1.3355
77.811,29.646,248.85,5,50.027,101.2,90.03,1,20,0.00054123,0.01195,0.00033333,1.2007,1.3219
54.6,14.11,47.35,5,50.031,102.91,90.009,1,18,0.00062664,0.029098,0.0001,2.9102,1.0464
92.182,15.393,124.24,5,50.03,100.61,89.795,1,22,0.0005954,0.0061442,0.0022778,0.64422,1.1635
71.346,8.398,-20.479,5,87.239,-0.84043,-63.83,0,4,0.74478,1.0084,1.7092,187.67,0.21264
54.606,10.469,-2.1428,5,50.027,102.2,89.935,1,20,0.00053892,0.02195,0.00072222,2.2011,1.1155
12.657,43.375,246.28,5,50.034,103.14,90.038,1,22,0.00067652,0.031416,0.00042222,3.1404,1.6217
32.81,19.159,261.81,5,18.594,-3.9035,-76.25,0,6,0.62811,1.039,1.8472,198.55,0.36298
56.575,33.346,-22.579,5,49.414,102.43,76.589,0,17,0.011716,0.024339,0.14901,13.642,1.2691
45.137,10.785,-9.8308,5,50.033,103.51,89.956,1,20,0.00066434,0.03506,0.00048889,3.5104,1.1192
74.893,49.484,186.12,5,49.975,104.5,88.732,1,14,0.00049539,0.045042,0.014089,4.6753,1.243
41.671,47.299,126.62,5,50.062,100.38,89.391,1,11,0.0012364,0.0037945,0.0067667,0.7205,1.0308
90.231,16.573,26.286,5,103.75,13.045,-40.363,0,3,1.0751,0.86955,1.4485,165.66,0.16195
60.006,27.706,-78.863,5,80.158,-0.94284,201.34,0,11,0.60316,1.0094,1.2371,153.28,0.7536
28.409,24.259,206.79,5,50.033,101.54,89.981,1,31,0.00065027,0.015396,0.00021111,1.5405,1.9681
12.938,29.475,137.2,5,50.095,102.42,90.336,1,19,0.0018992,0.024241,0.0037333,2.4451,1.1924
66.191,44.524,-65.228,5,50.032,102.05,89.937,1,29,0.00063794,0.020465,0.0007,2.0512,2.5091
22.737,27.769,168.03,5,50.032,104.45,89.999,1,31,0.00063716,0.044537,1.1111e-05,4.4501,2.0076
10.255,21.265,155.55,5,-2.9388,16.44,225.32,0,3,1.0588,0.8356,1.5036,167.62,0.17007
59.484,15.163,-19.498,5,49.975,101.33,90.11,1,21,0.00050324,0.013342,0.0012222,1.3348,1.23
59.882,32.37,228.3,5,50.024,104.64,90.232,1,18,0.00048559,0.046356,0.0025778,4.6459,1.3168
70.102,27.282,92.499,5,50.022,104.8,89.556,1,17,0.00043058,0.048036,0.0049333,4.8205,1.1266
7.3075,30.76,194.74,5,50.034,102.65,89.948,1,30,0.00068606,0.026491,0.00057778,2.6507,1.844
74.304,23.272,44.043,5,50.017,104.82,89.693,1,19,0.0003332,0.048192,0.0034111,4.8298,1.1803
22.151,29.309,-15.888,5,50.046,101.78,89.827,1,18,0.00092216,0.017838,0.0019222,1.789,1.1845
71.258,7.3475,112.89,5,50.029,102.16,90.039,1,21,0.00057442,0.021557,0.00043333,2.1605,1.1046
27.737,35.29,-38.194,5,50.033,102.71,90.09,1,17,0.00066459,0.027097,0.001,2.7117,1.2421
18.03,16.438,7.0609,5,50.037,101.95,89.904,1,21,0.00074845,0.019512,0.0010667,1.9527,1.1736
88.996,13.839,-59.25,5,79.468,-1.0133,199.4,0,4,0.58936,1.0101,1.2156,151.79,0.21147
16.925,15.923,257.27,5,50.033,102.63,89.972,1,26,0.00065757,0.026344,0.00031111,2.6304,1.4389
79.496,47.696,219.01,5,49.978,101.01,88.631,1,15,0.00043613,0.010072,0.015211,1.7014,1.249
35.117,41.777,-55.957,5,50.024,102.4,90.237,1,16,0.00048913,0.024002,0.0026333,2.4118,1.3312
88.412,30.521,109.29,5,50.014,104.04,89.73,1,19,0.00027451,0.040394,0.003,4.049,1.1966
15.613,32.325,118.29,5,50.059,104.23,90.461,1,18,0.0011705,0.042319,0.0051222,4.2555,1.1856
53.82,42.904,33.334,5,50.031,100.7,89.98,1,12,0.00061196,0.0069631,0.00022222,0.70097,1.0485
42.754,24.466,138.71,5,50.036,101.98,89.952,1,16,0.0007148,0.019751,0.00053333,1.9809,1.0543
31.946,39.147,64.904,5,50.049,101.33,91.066,1,14,0.00098535,0.013317,0.011844,1.7052,1.1028
83.565,41.091,99.554,5,49.914,103.35,89.596,1,16,0.0017259,0.033546,0.0044889,3.3754,1.1799
43.513,44.799,126.22,5,50.033,103.48,89.906,1,12,0.00065389,0.034783,0.0010444,3.4814,1.0795
54.409,19.167,-20.53,5,49.99,100.62,89.655,1,19,0.0001921,0.006158,0.0038333,0.70959,1.1735
31.349,44.811,260.32,5,50.034,102.91,89.947,1,28,0.00068634,0.029132,0.00058889,2.9107,2.4032
84.336,9.5857,117.26,5,50.031,100.46,89.954,1,22,0.00061814,0.0046364,0.00051111,0.46333,1.1374
77.194,11.817,216.34,5,50.032,101.57,89.964,1,22,0.00064607,0.015739,0.0004,1.5707,1.192
88.347,26.097,131.35,5,50.014,103.77,90.098,1,20,0.00027817,0.037681,0.0010889,3.7713,1.2011
38.093,22.988,189.22,5,50.057,101.38,90.378,1,19,0.0011487,0.013792,0.0042,1.432,1.2191
26.619,25.316,-86.845,5,50.03,102.91,90.044,1,22,0.00060973,0.029149,0.00048889,2.9105,1.4056
43.863,9.4679,159.21,5,50.033,104.94,89.999,1,20,0.00065925,0.049421,1.1111e-05,4.9401,1.1021
73.515,29.789,-2.7249,5,50.032,100.66,89.982,1,30,0.00063126,0.0066045,0.0002,0.66102,2.0258
19.938,35.118,-76.594,5,50.034,102.94,89.994,1,20,0.00067649,0.029366,6.6667e-05,2.9402,1.3984
53.369,40.299,232.87,5,50.235,103.24,94.266,1,17,0.0046932,0.032383,0.0474,5.3621,1.4215
65.632,10.918,175.78,5,50.033,101.91,89.95,1,20,0.00065228,0.019121,0.00055556,1.9109,1.1057
16.953,13.777,-25.492,5,50.03,100.94,90.091,1,22,0.00059563,0.0093629,0.0010111,0.94487,1.1913
85.502,21.438,244.38,5,50.03,100.18,89.972,1,22,0.00060074,0.0017853,0.00031111,0.18462,1.2759
42.498,44.8,240.92,5,53.353,102.99,95.743,0,20,0.067064,0.02985,0.063811,7.2914,1.7951
24.437,32.607,99.392,5,50.043,100.54,90.945,1,16,0.00086987,0.0053985,0.0105,1.0893,1.1099
65.187,39.675,5.3578,5,49.361,104.36,77.962,0,16,0.012772,0.043618,0.13376,12.819,1.286
64.958,24.273,223.58,5,50.031,103.7,90.004,1,19,0.00061591,0.037028,4.4444e-05,3.7001,1.2307
16.797,44.625,183.16,5,50.037,103.79,89.929,1,27,0.00074053,0.037901,0.00078889,3.7908,2.0909
48.732,35.294,-5.9234,5,50.028,102.84,89.71,1,15,0.00056516,0.02842,0.0032222,2.8549,1.1589
76.653,46.681,-34.291,5,50.027,103.52,90.034,1,24,0.00053765,0.035225,0.00037778,3.5203,2.0131
73.539,41.881,-37.386,5,50.031,102.47,89.955,1,26,0.00062861,0.024657,0.0005,2.4706,2.0732
49.529,11.763,218.02,5,50.045,103.54,90.035,1,22,0.00090797,0.03542,0.00038889,3.5405,1.2466
50.368,49.489,72.83,5,50.034,104.46,89.949,1,11,0.00068343,0.044593,0.00056667,4.4604,1.0888
65.7,16.935,94.969,5,50.025,102.58,90.022,1,18,0.00049351,0.025792,0.00024444,2.5802,1.0646
29.061,17.296,119.93,5,50.031,103.91,90.386,1,19,0.00062066,0.039099,0.0042889,3.9291,1.1135
39.325,12.12,-56.068,5,50.03,101.54,90.023,1,22,0.00060297,0.015366,0.00025556,1.5405,1.2426
77.03,35.779,100.5,5,49.98,102.03,90.025,1,16,0.00039149,0.02029,0.00027778,2.0303,1.1481
47.424,41.962,224.89,5,51.883,104.71,107.44,0,17,0.037652,0.047051,0.19378,18.163,1.4631
86.089,18.739,227.42,5,50.031,100.92,89.948,1,22,0.00062358,0.0092197,0.00057778,0.92199,1.2371
12.013,8.7266,70.623,5,50.033,102.54,90.004,1,23,0.0006524,0.025389,4.4444e-05,2.5402,1.1632
38.694,19.291,208.94,5,50.055,103.18,90.061,1,22,0.0011009,0.031772,0.00067778,3.1811,1.3497
81.974,39.349,121.23,5,49.979,101.75,88.623,1,16,0.00041568,0.017529,0.0153,2.2269,1.1668
63.342,19.251,212.25,5,50.033,101.98,89.949,1,19,0.00065296,0.019794,0.00056667,1.9809,1.1607
34.966,23.971,28.395,5,50.037,100.82,89.917,1,17,0.00074793,0.0082361,0.00092222,0.82502,1.0968
12.69,42.962,234.2,5,50.031,103.2,90.155,1,23,0.00062411,0.032015,0.0017222,3.2039,1.6873
71.415,10.886,178.71,5,50.032,103.81,89.968,1,21,0.00064312,0.038146,0.00035556,3.8103,1.1457
69.553,39.931,267.51,5,50.031,103.84,89.947,1,19,0.00061341,0.038395,0.00058889,3.8405,1.5038
17.443,48.649,232.51,5,50.046,100.53,89.855,1,21,0.00092066,0.0053,0.0016111,0.5514,1.7269
43.854,17.5,79.638,5,50.032,101.47,90,1,17,0.00063192,0.014699,0,1.4703,1.0275
78.567,23.388,4.3412,5,50.032,103.93,89.99,1,31,0.00063599,0.03932,0.00011111,3.9301,1.8957
15.689,21.308,223.51,5,50.033,102.98,89.981,1,28,0.00065207,0.029781,0.00021111,2.9802,1.6308
80.204,31.101,184.09,5,50.014,101.38,90.097,1,18,0.0002776,0.013753,0.0010778,1.3835,1.1964
40.013,49.406,73.142,5,50.032,102.04,90.398,1,11,0.00064458,0.020421,0.0044222,2.0787,1.0665
52.651,37.408,-26.598,5,49.771,102.54,81.441,0,16,0.0045787,0.025427,0.0951,8.9309,1.277
17.476,15.149,249.85,5,50.031,103.88,90.016,1,27,0.0006239,0.038848,0.00017778,3.8802,1.4856
62.434,37.225,-78.519,5,50.033,103.41,89.95,1,33,0.00065183,0.034085,0.00055556,3.4105,2.5783
25.473,12.601,-78.874,5,50.031,102.57,90.015,1,24,0.00062466,0.025688,0.00016667,2.5702,1.3219
82.675,39.835,180.78,5,49.982,103.01,90.076,1,17,0.00035401,0.03012,0.00084444,3.011,1.2415
62.803,23.817,186.39,5,50.032,100.5,89.907,1,17,0.00064473,0.0049522,0.0010333,0.50958,1.1003
37.462,43.031,93.082,5,50.04,104.9,90.252,1,13,0.00079206,0.049026,0.0028,4.9066,1.1143
40.457,28.913,181.66,5,50.126,103.22,94.114,1,17,0.0025183,0.032245,0.045711,5.2258,1.1851
69.045,13.684,227.62,5,50.03,100.91,90.033,1,21,0.00060162,0.0090829,0.00036667,0.91109,1.1879
49.18,21.716,166.3,5,50.027,102.87,90.115,1,17,0.000544,0.028718,0.0012778,2.8724,1.0857
41.01,36.12,-46.272,5,50.018,103.91,90.146,1,17,0.0003608,0.039146,0.0016222,3.9128,1.3176
20.798,9.3495,46.402,5,50.033,103.18,89.991,1,22,0.00065229,0.031834,0.0001,3.1802,1.155
62.515,28.834,23.27,5,49.933,102.21,89.341,1,16,0.0013471,0.022127,0.0073222,2.3071,1.1071
69.75,18.221,-14.643,5,82.889,-2.4118,215.43,0,8,0.65778,1.0241,1.3937,165.23,0.47545
89.003,44.401,223.69,5,49.977,104.48,89.994,1,18,0.00046321,0.044822,6.6667e-05,4.4801,1.3252
21.996,36.025,179.38,5,50.033,102.29,89.991,1,28,0.00065239,0.022898,0.0001,2.2903,2.0047
33.743,45.018,227,5,50.038,101.79,89.902,1,29,0.00075454,0.017915,0.0010889,1.7931,2.529
9.5289,15.979,152.46,5,-0.15878,16.437,191.39,0,2,1.0032,0.83563,1.1266,140.64,0.10723
53.121,30.821,100.77,5,50.033,100.48,89.979,1,14,0.00065297,0.004791,0.00023333,0.48159,1.0108
75.44,19.918,26.462,5,50.031,104.8,90.002,1,35,0.00062585,0.047957,2.2222e-05,4.8001,2.0827
78.64,11.452,25.288,5,93.893,-1.9932,268.34,0,5,0.87786,1.0199,1.9816,210.08,0.26863
78.342,38.728,31.184,5,101.13,43.133,-26.13,0,5,1.0225,0.56867,1.2903,139.05,0.37032
52.059,32.001,265.67,5,50.13,104.06,89.713,1,22,0.0026063,0.040626,0.0031889,4.0722,1.6169
36.569,31.765,16.625,5,50.033,104.2,90.036,1,16,0.00065078,0.041994,0.0004,4.2003,1.1503
79.591,21.226,180.68,5,50.025,102.3,90.062,1,20,0.00049055,0.022987,0.00068889,2.301,1.1884
38.533,16.312,236.33,5,12.425,-4.1589,-59.735,0,9,0.7515,1.0416,1.6637,186.23,0.53273
80.553,46.419,-8.4449,5,50.031,100.67,89.762,1,25,0.00062285,0.0066557,0.0026444,0.71169,2.0266
14.681,17.025,167.51,5,6.1142,-1.5901,-64.688,0,5,0.87772,1.0159,1.7188,190.2,0.27723
73.038,33.065,-53.755,5,50.033,100.68,89.95,1,27,0.00065193,0.0068372,0.00055556,0.68263,1.9071
65.621,7.2021,140.71,5,50.03,103.58,90.026,1,21,0.00060482,0.035753,0.00028889,3.5802,1.1158
27.327,47.515,266.69,5,50.032,103.34,90.013,1,27,0.00063115,0.0334,0.00014444,3.3402,2.3613
91.758,12.237,55.458,5,50.011,104.09,90.131,1,23,0.00021072,0.040921,0.0014556,4.0921,1.1832
21.431,7.1182,75.347,5,50.032,102.28,90.011,1,22,0.00063787,0.022776,0.00012222,2.2803,1.132
43.917,16.961,115.05,5,50.032,100.89,89.997,1,17,0.00063386,0.0089235,3.3333e-05,0.89058,1.0209
68.536,43.476,-20.107,5,50.024,103.5,90.064,1,29,0.00048387,0.035027,0.00071111,3.5007,2.4376
25.086,35.082,-11.42,5,50.043,104.69,89.943,1,17,0.00086174,0.046928,0.00063333,4.6905,1.2224
70.808,30.31,-46.625,5,50.03,104.38,90.025,1,30,0.00060648,0.043791,0.00027778,4.3802,2.0624
25.755,13.143,120.88,5,50.035,101.5,90.004,1,20,0.00070895,0.015021,4.4444e-05,1.5004,1.1089
49.776,38.725,224.25,5,50.35,103.33,100.76,0,17,0.0070087,0.033288,0.11956,11.269,1.3872
18.906,36.455,-36.97,5,50.037,104.05,90.023,1,18,0.00074609,0.040459,0.00025556,4.0502,1.2722
30.758,31.493,171.13,5,50.086,103.83,90.797,1,18,0.001713,0.038276,0.0088556,3.913,1.2648
48.395,16.975,265.16,5,50.035,100.57,90.124,1,25,0.00069936,0.0056832,0.0013778,0.58438,1.5053
8.0436,31.427,123.56,5,50.14,103.17,89.932,1,19,0.0028059,0.031721,0.00075556,3.1738,1.1817
30.562,11.182,30.535,5,50.034,100.86,89.97,1,20,0.00067217,0.0086316,0.00033333,0.86119,1.0999
29.507,47.033,144.09,5,52.35,100.26,107.18,0,13,0.047008,0.0026282,0.19089,17.342,1.1445
60.99,24.339,155.83,5,50.033,103.14,89.893,1,17,0.00065569,0.031366,0.0011889,3.142,1.1118
28.395,11.512,20.011,5,50.03,100.21,90.061,1,20,0.00060852,0.0021127,0.00067778,0.22073,1.0979
17.433,43.015,-42.171,5,50.068,104,89.73,1,17,0.0013657,0.039985,0.003,4.0097,1.2951
7.8219,7.1483,83.251,5,50.035,103.56,89.952,1,24,0.00070004,0.03564,0.00053333,3.5605,1.1767
90.037,9.4659,223.69,5,50.032,103.58,89.959,1,25,0.00064921,0.035785,0.00045556,3.5804,1.2627
29.997,37.836,105.06,5,50.085,100.99,96.03,0,14,0.0016947,0.0098975,0.067,6.1113,1.0719
35.612,38.953,265.32,5,50.032,103.87,90.003,1,32,0.00063489,0.038653,3.3333e-05,3.8701,2.5511
73.016,27.579,141.08,5,50.011,100.15,90.129,1,17,0.00022836,0.0014532,0.0014333,0.19815,1.1186
14.291,10.472,165,5,3.0065,-3.2033,267.76,0,4,0.93987,1.032,1.9751,210.85,0.2075
18.942,25.363,35.426,5,50.043,102.91,89.865,1,19,0.00086262,0.029125,0.0015,2.9134,1.1752
89.334,49.541,-62.911,5,50.019,102.05,89.487,1,21,0.0003781,0.020471,0.0057,2.1133,1.6412
75.098,33.402,-50.037,5,50.032,101.75,89.957,1,26,0.00064657,0.017547,0.00047778,1.7508,1.8266
41.97,47.909,114.44,5,50.018,101.27,90.491,1,11,0.00035719,0.012672,0.0054556,1.3617,1.0435
52.674,25.231,-0.24544,5,50.011,103.03,90.143,1,17,0.00021007,0.03029,0.0015889,3.0334,1.1361
26.356,33.857,-50.659,5,50.032,102.89,90.069,1,18,0.00063386,0.028935,0.00076667,2.891,1.2813
80.067,22.51,35.649,5,49.969,101.36,89.215,1,20,0.00062467,0.013581,0.0087222,1.5706,1.2031
57.212,30.286,189.16,5,50.034,103.58,89.876,1,16,0.00067748,0.0358,0.0013778,3.5823,1.1415
47.447,28.031,-31.972,5,50.006,103.42,89.652,1,18,0.0001156,0.034187,0.0038667,3.4377,1.2498
41.889,15.399,156.36,5,50.032,100.62,90.123,1,18,0.00064046,0.0061693,0.0013667,0.63289,1.059
83.543,26.141,161.16,5,50.013,101.91,90.084,1,19,0.00026498,0.019058,0.00093333,1.9119,1.1711
26.493,27.625,130.7,5,50.051,100.89,91.046,1,17,0.0010202,0.0088625,0.011622,1.3743,1.117
18.821,40.951,93.331,5,50.086,100.09,91.034,1,15,0.0017246,0.00091437,0.011489,1.0415,1.1232
22.239,17.931,118.73,5,50.046,104.03,89.847,1,20,0.00092422,0.040315,0.0017,4.0332,1.1542
59.664,23.175,55.907,5,50.027,100.92,90.061,1,16,0.00053457,0.0091669,0.00067778,0.92242,1.0332
24.978,49.513,117.67,5,50.86,102.43,105.21,0,13,0.01721,0.024294,0.169,15.427,1.1536
54.207,34.67,144.48,5,50.024,101.45,90.072,1,14,0.00047633,0.014463,0.0008,1.452,1.0693
7.0387,13.804,121.65,5,50.041,104.82,89.979,1,23,0.00082491,0.048163,0.00023333,4.8202,1.1941
37.409,35.736,-68.148,5,50.016,101.27,90.331,1,18,0.00031545,0.012716,0.0036778,1.3125,1.3743
8.7701,26.065,-42.483,5,50.031,104.58,90.088,1,22,0.0006248,0.045794,0.00097778,4.581,1.2994
76.772,19.225,240.28,5,50.032,103.7,89.959,1,22,0.0006489,0.036992,0.00045556,3.7004,1.2927
68.419,13.408,210.07,5,50.03,104.42,90.025,1,21,0.00060768,0.044243,0.00027778,4.4202,1.1861
32.621,46.565,101.44,5,50.27,101.51,97.84,0,12,0.0054082,0.015091,0.087111,7.9887,1.0678
49.27,7.8091,-2.9228,5,50.031,100.94,90.004,1,20,0.00061811,0.0093508,4.4444e-05,0.94052,1.0847
65.854,31.029,21.406,5,49.874,101.14,82.312,0,16,0.0025255,0.011403,0.085422,7.7731,1.1304
65.518,12.173,127.66,5,50.032,103.72,89.954,1,20,0.00064849,0.037173,0.00051111,3.7204,1.1212
32.161,8.2771,-56.412,5,50.032,103.6,89.988,1,23,0.00064309,0.035993,0.00013333,3.6002,1.2307
38.926,8.4542,104.5,5,50.033,101.03,89.973,1,19,0.00065608,0.010261,0.0003,1.0309,1.0302
24.738,45.667,-4.5544,5,50.062,100.62,90.54,1,14,0.0012355,0.0062046,0.006,0.82453,1.1683
80.17,9.037,93.535,5,50.032,103.62,89.905,1,22,0.00064428,0.036187,0.0010556,3.6214,1.1478
50.772,39.775,227.83,5,50.346,103.47,100.32,0,17,0.0069145,0.034703,0.11467,10.893,1.4113
31.588,9.4664,219.8,5,13.189,-3.4364,257.49,0,5,0.73623,1.0344,1.861,200.27,0.2706
8.1101,47.871,105.09,5,52.095,100.05,108.54,0,15,0.041893,0.00045532,0.206,18.658,1.1215
17.245,44.711,104.24,5,50.123,102.94,97.783,0,15,0.002466,0.029369,0.086478,8.3207,1.1671
67.246,38.169,120.94,5,50.023,104.41,89.545,1,15,0.00045737,0.044073,0.0050556,4.4335,1.1684
14.187,27.439,171.87,5,50.032,101.33,90.016,1,31,0.0006301,0.013251,0.00017778,1.3305,1.9155
39.659,11.845,245.85,5,10.132,-4.6789,268.71,0,8,0.79736,1.0468,1.9857,210.91,0.45066
15.439,7.3858,32.488,5,50.032,102.34,90.002,1,23,0.00064377,0.023409,2.2222e-05,2.3402,1.1633
22.524,36.745,134.63,5,50.132,101.73,95.447,0,16,0.0026493,0.017338,0.060522,5.7167,1.16
57.188,45.101,23.157,5,49.877,100.62,89.817,1,12,0.0024668,0.0061907,0.0020333,0.65804,1.0837
42.895,21.135,105.26,5,50.032,100,89.992,1,16,0.00063537,4.1303e-05,8.8889e-05,0.032985,1.0103
11.012,32.519,81.366,5,50.049,101.2,91.07,1,18,0.00097465,0.012033,0.011889,1.6085,1.1548
17.732,32.202,-23.407,5,50.031,100.41,90.351,1,18,0.00062581,0.0040787,0.0039,0.54061,1.1986
69.472,44.341,227.73,5,50.012,101.3,90.188,1,15,0.00024791,0.012981,0.0020889,1.3136,1.2719
84.572,7.2209,68.417,5,50.024,104.1,90.063,1,23,0.00048468,0.041005,0.0007,4.1006,1.1615
75.038,46.689,138.91,5,49.994,102.99,88.915,1,14,0.0001244,0.029936,0.012056,3.1808,1.1885
8.4171,14.479,185.27,5,-0.010604,3.2265,258.4,0,3,1.0002,0.96774,1.8711,200.56,0.15774
39.067,42.703,257.54,5,50.031,102.02,90.056,1,32,0.00061138,0.020213,0.00062222,2.021,2.743
73.866,13.823,204.83,5,50.029,102.48,90.035,1,21,0.00058356,0.024797,0.00038889,2.4804,1.1742
39.159,17.024,-21.8,5,50.031,102.39,90.012,1,19,0.00062781,0.023934,0.00013333,2.3902,1.1353
46.164,38.747,-58.414,5,49.866,104.65,89.76,1,18,0.0026721,0.046508,0.0026667,4.6581,1.4664
91.897,37.954,244.53,5,50.022,101.54,89.448,1,20,0.00043845,0.01537,0.0061333,1.6361,1.3357
42.527,11.6,127.68,5,50.033,104.93,89.96,1,19,0.00066141,0.049311,0.00044444,4.9303,1.0708
45.471,35.175,12.742,5,50.033,101.47,90.028,1,14,0.00066712,0.014682,0.00031111,1.4706,1.0772
7.9554,23.106,75.276,5,50.037,104.34,90.027,1,21,0.00074358,0.043434,0.0003,4.3402,1.1981
26.666,33.932,150.11,5,50.128,101.23,97.681,0,17,0.0025508,0.012325,0.085344,7.7799,1.2131
26.975,37.624,96.376,5,50.08,102.55,90.074,1,15,0.0016019,0.025458,0.00082222,2.5523,1.128
27.3,47.583,155.92,5,53.868,100.95,73.727,0,15,0.077366,0.0094698,0.18081,16.753,1.313
66.823,48.556,86.038,5,49.829,103.73,87.721,1,12,0.0034274,0.037336,0.025322,4.3745,1.1085
15.978,46.76,133.86,5,52.03,102.96,107.63,0,15,0.040608,0.029595,0.19589,17.992,1.1871
9.3879,26.671,164.94,5,-1.6734,17.956,242.85,0,3,1.0335,0.82044,1.6983,181.01,0.17895
11.161,15.443,242.75,5,50.033,103.18,89.978,1,28,0.00065431,0.031849,0.00024444,3.1802,1.5046
72.873,11.29,77.205,5,50.031,101.45,89.767,1,20,0.00062755,0.014484,0.0025889,1.4689,1.0916
48.188,25.196,-75.231,5,50.003,102.46,88.645,1,22,6.0797e-05,0.024613,0.015056,2.8085,1.4701
78.413,19.824,139.82,5,50.024,104.08,90.064,1,20,0.00048349,0.040782,0.00071111,4.0806,1.1756
87.137,29.147,117.47,5,50.019,103.13,89.513,1,19,0.0003748,0.031316,0.0054111,3.1677,1.1876
13.736,32.116,159.86,5,50.032,100.03,89.994,1,31,0.00064939,0.00028584,6.6667e-05,0.044272,2.0139
43.168,16.972,260.11,5,9.14,-4.2985,-61.991,0,11,0.8172,1.043,1.6888,188.81,0.6602
75.85,26.205,-30.093,5,50.032,104.5,89.981,1,29,0.00064275,0.045014,0.00021111,4.5002,1.8544
75.263,9.4183,-10.899,5,86.22,-4.5106,-88.93,0,4,0.72439,1.0451,1.9881,210.36,0.21268
51.178,36.644,31.056,5,50.038,104.62,89.847,1,14,0.00076648,0.046162,0.0017,4.6227,1.1047
87.599,31.402,56.614,5,49.859,101.12,89.587,1,18,0.0028247,0.011167,0.0045889,1.202,1.1505
59.297,34.499,-82.767,5,50.032,103.17,89.965,1,35,0.00064538,0.031679,0.00038889,3.1704,2.6452
64.245,21.173,191.78,5,50.029,101.49,90.038,1,18,0.00058208,0.01485,0.00042222,1.4908,1.1235
87.363,32.869,78.882,5,49.98,103.05,88.814,1,18,0.00040106,0.030513,0.013178,3.2725,1.1714
92.916,21.197,160.38,5,50.013,100.61,90.088,1,21,0.00026921,0.0060569,0.00097778,0.61645,1.1702
31.853,26.161,18.662,5,50.029,101.57,90.188,1,17,0.00058171,0.015739,0.0020889,1.5815,1.1179
42.373,16.254,23.288,5,50.031,101.66,90.031,1,18,0.00062016,0.016623,0.00034444,1.6606,1.0702
88.125,17.07,-31.128,5,86.928,-0.52255,228.16,0,4,0.73856,1.0052,1.5351,174.8,0.21912
42.718,23.916,130.93,5,50.027,102.14,90.122,1,16,0.00054448,0.021364,0.0013556,2.1436,1.0467
11.032,28.701,261.7,5,50.031,104.18,90.047,1,24,0.00062966,0.041824,0.00052222,4.1804,1.4769
26.926,35.098,199.78,5,50.032,104.31,90.012,1,29,0.0006316,0.043127,0.00013333,4.3101,2.105
68.868,12.926,209.55,5,50.031,103.8,90.019,1,21,0.0006122,0.037996,0.00021111,3.8002,1.1785
86.604,8.3783,136.39,5,50.033,102.13,89.897,1,23,0.00065605,0.021267,0.0011444,2.1327,1.1656
64.11,8.5749,-82.793,5,80.499,-1.3525,-21.079,0,4,0.60997,1.0135,1.2342,153.43,0.2162
15.738,43.117,60.664,5,50.07,104.09,90.183,1,16,0.001393,0.040852,0.0020333,4.0947,1.2047
48.334,32.098,28.732,5,50.032,104.84,90.015,1,15,0.00063368,0.04845,0.00016667,4.8401,1.1042
69.115,8.2469,-31.706,5,87.879,-3.6095,-76.363,0,5,0.75758,1.0361,1.8485,199.62,0.26674
12.902,35.095,221.65,5,50.03,104.42,90.092,1,26,0.00059378,0.044177,0.0010222,4.4211,1.7389
81.041,27.333,-81.398,5,50.029,101.97,90.038,1,23,0.0005763,0.01974,0.00042222,1.9706,1.4553
75.715,32.958,6.3484,5,50.031,103.76,89.986,1,30,0.00062729,0.03763,0.00015556,3.7602,2.089
11.355,28.791,-19.281,5,50.044,101.51,89.911,1,20,0.00088692,0.015135,0.00098889,1.5133,1.2343
64.062,22.414,78.327,5,50.027,104.06,89.981,1,17,0.0005371,0.040593,0.00021111,4.0601,1.078
13.37,23.019,234.44,5,50.03,103.61,90.044,1,27,0.00060945,0.036066,0.00048889,3.6104,1.5835
47.91,43.046,215.24,5,52.703,100.01,95.267,0,15,0.054064,7.3769e-05,0.058522,5.9201,1.316
13.728,44.101,238.23,5,50.04,101.15,89.926,1,22,0.00079171,0.011496,0.00082222,1.1531,1.6507
12.097,28.392,212.75,5,50.033,103.04,89.981,1,28,0.00065566,0.030365,0.00021111,3.0402,1.728
87.474,35.195,128.46,5,49.975,103.61,90.003,1,18,0.00050278,0.036054,3.3333e-05,3.6101,1.2022
22.993,40.976,-30.335,5,50.04,101.83,90.107,1,16,0.0007926,0.018321,0.0011889,1.8336,1.2325
22.184,37.568,-12.759,5,50.069,100.19,89.73,1,16,0.0013816,0.0018846,0.003,0.33728,1.1705
60.228,22.9,28.369,5,50.01,103.18,89.911,1,17,0.0001958,0.031752,0.00098889,3.1813,1.0929
66.427,49.4,165.73,5,49.985,100.35,88.847,1,12,0.00030063,0.0035374,0.012811,1.205,1.1278
32.621,46.346,151.12,5,53.588,102.28,91.639,0,13,0.071768,0.022806,0.018211,4.5561,1.1525
23.487,10.227,196.33,5,15.189,-1.099,259.07,0,3,0.69622,1.011,1.8786,200.04,0.16025
14.386,26.208,139.87,5,50.062,104.5,90.564,1,20,0.0012487,0.045036,0.0062667,4.5356,1.2205
91.999,45.91,52.548,5,48.087,102.69,73.725,0,16,0.038265,0.026886,0.18083,16.606,1.1682
19.085,45.065,28.017,5,50.109,102.76,89.818,1,15,0.0021847,0.027564,0.0020222,2.7681,1.1898
64.989,19.702,236.45,5,50.034,100.12,89.929,1,20,0.00067505,0.0012112,0.00078889,0.14352,1.2242
51.707,46.423,68.125,5,50.031,101.25,90.052,1,11,0.0006262,0.012493,0.00057778,1.2515,1.026
44.219,16.468,177.92,5,50.044,103.69,89.967,1,19,0.00088455,0.036934,0.00036667,3.6904,1.1346
76.518,47.872,145.78,5,49.909,103.4,89.62,1,14,0.0018116,0.033988,0.0042222,3.4224,1.1969
48.223,8.1284,-54.688,5,50.026,104.48,89.821,1,24,0.00051312,0.044753,0.0019889,4.4836,1.3059
16.942,14.447,-10.232,5,50.03,102.48,90.09,1,22,0.00059678,0.024788,0.001,2.4818,1.1993
24.066,36.484,171.93,5,50.03,102.03,90.06,1,29,0.00060898,0.020279,0.00066667,2.0311,2.1135
45.309,41.348,-33.234,5,49.977,102,88.962,1,15,0.0004671,0.020039,0.011533,2.2534,1.2747
11.472,8.0043,137.08,5,50.032,100.03,90.273,1,23,0.00064769,0.00031553,0.0030333,0.2765,1.153
62.049,41.052,139.38,5,50.011,104.07,90.084,1,14,0.00022795,0.040744,0.00093333,4.0709,1.1634
60.187,8.0653,189.71,5,50.032,100.52,89.979,1,20,0.00064402,0.0052298,0.00023333,0.52141,1.0811
42.632,14.961,258.53,5,7.8048,-3.9938,-79.474,0,10,0.8439,1.0399,1.883,203.26,0.58577
56.182,37.25,-25.207,5,48.095,100.69,71.705,0,16,0.038095,0.0069068,0.20328,18.407,1.2688
7.5787,30.504,242,5,50.03,104.71,90.082,1,26,0.00059734,0.047134,0.00091111,4.7108,1.5967
21.206,29.843,-45.67,5,50.029,102.2,90.196,1,19,0.00058409,0.02203,0.0021778,2.2089,1.2527
46.155,10.87,229.91,5,50.044,103.99,89.919,1,24,0.00088116,0.039861,0.0009,3.9911,1.3451
27.571,40.999,159.73,5,53.684,103,89.862,0,18,0.073673,0.03004,0.0015333,4.753,1.4259
52.856,31.999,195.85,5,50.046,102.68,89.708,1,16,0.00092098,0.026766,0.0032444,2.6963,1.1754
75.206,35.711,173.66,5,50.024,101.8,89.588,1,16,0.00047278,0.018046,0.0045778,1.8467,1.1585
23.196,30.4,45.473,5,50.031,100.81,90.424,1,17,0.0006164,0.0081432,0.0047111,0.91479,1.1397
60.201,17.144,244.56,5,50.032,103.22,90.037,1,22,0.00063827,0.032199,0.00041111,3.2204,1.3177
56.917,40.358,25.462,5,49.97,101.3,89.371,1,13,0.00059165,0.012986,0.0069889,1.4445,1.0826
71.162,29.806,66.991,5,49.995,101.18,88.933,1,16,0.00010405,0.011787,0.011856,1.5909,1.0912
63.067,46.349,10.879,5,46.397,101.71,99.81,0,13,0.072055,0.017118,0.109,10.59,1.1771
47.668,11.332,142.32,5,50.032,104.73,89.991,1,19,0.00063685,0.04732,0.0001,4.7301,1.071
78.215,15.673,36.589,5,50.017,102.12,89.695,1,21,0.00033,0.021211,0.0033889,2.1419,1.1808
66.425,18.96,64.133,5,50.029,104.14,89.842,1,18,0.00057485,0.041409,0.0017556,4.1431,1.0884
59.449,14.248,-24.866,5,50.019,102.77,89.528,1,22,0.00038688,0.027656,0.0052444,2.81,1.2751
14.131,41.997,98.794,5,50.105,103.28,93.416,1,16,0.0021059,0.032836,0.037956,4.7369,1.1731
13.504,40.411,-50.729,5,50.055,101.51,89.868,1,18,0.0011069,0.015107,0.0014667,1.5168,1.288
44.346,8.9937,21.726,5,50.032,100.33,90.007,1,19,0.00063041,0.0032908,7.7778e-05,0.33162,1.0419
21.783,48.758,2.7545,5,50.142,101.72,89.833,1,14,0.0028425,0.01716,0.0018556,1.7339,1.1966
47.855,20.199,50.253,5,50.033,103.23,89.969,1,17,0.00065857,0.032321,0.00034444,3.2303,1.0648
57.955,34.709,160.83,5,50.024,104.95,90.071,1,15,0.00047926,0.049481,0.00078889,4.9506,1.1403
74.657,14.304,181.8,5,50.029,104.99,90.039,1,21,0.00057405,0.049878,0.00043333,4.9902,1.1775
26.257,36.923,221.8,5,50.032,104.26,90.012,1,27,0.0006313,0.042596,0.00013333,4.2601,2.003
35.27,18.872,227.32,5,14.151,-1.9203,-58.05,0,8,0.71698,1.0192,1.645,183.28,0.48512
7.6507,15.786,268.91,5,50.033,101.07,89.97,1,26,0.00066467,0.010687,0.00033333,1.0709,1.3791
67.291,14.749,-56.431,5,85.138,-0.072361,-76.986,0,5,0.70276,1.0007,1.8554,197.82,0.2874
60.01,13.306,202.24,5,50.031,103.61,90.02,1,20,0.00061362,0.036072,0.00022222,3.6102,1.1459
91.095,31.507,84.795,5,49.991,104.06,89.093,1,19,0.00018907,0.040612,0.010078,4.1601,1.1894
35.776,28.023,10.957,5,50.036,104.93,89.94,1,17,0.00071146,0.049298,0.00066667,4.9305,1.1585
86.713,44.965,114.09,5,49.863,104.48,89.487,1,16,0.0027318,0.044761,0.0057,4.5114,1.2092
74.971,34.95,154.51,5,50.024,101.51,89.562,1,16,0.00048549,0.015056,0.0048667,1.5724,1.1481
59.649,24.632,58.314,5,50.032,102.43,89.929,1,16,0.00063893,0.024303,0.00078889,2.4312,1.0529
22.424,9.959,195.8,5,15.397,-2.2391,264.89,0,3,0.69206,1.0224,1.9432,205.52,0.15929
63.19,42.158,-3.2788,5,48.159,101.75,74.18,0,15,0.036821,0.017501,0.17578,16.023,1.2642
20.496,17.339,103.17,5,50.039,102.6,89.939,1,20,0.00077781,0.02602,0.00067778,2.601,1.1394
74.218,14.226,124.77,5,50.032,101.27,89.913,1,20,0.00064237,0.012658,0.00096667,1.2734,1.122
78.266,48.053,172.62,5,49.861,101.45,89.676,1,14,0.0027888,0.014548,0.0036,1.4922,1.1837
69.361,33.763,229.11,5,50.023,100.49,90.124,1,17,0.00046707,0.0048883,0.0013778,0.50597,1.2317
45.131,32.551,258.36,5,50.088,102.6,90.45,1,23,0.0017508,0.026024,0.005,2.6401,1.7006
30.963,27.837,-83.892,5,50.03,103.33,90.046,1,21,0.0006064,0.033252,0.00051111,3.3305,1.4069
69.757,20.754,-34.257,5,81.406,-1.6134,225.14,0,7,0.62812,1.0161,1.5016,171.97,0.42855
88.606,14.792,220.54,5,50.032,100.85,89.903,1,23,0.00064542,0.008544,0.0010778,0.85612,1.2293
50.741,7.0573,88.234,5,50.032,102.02,90.001,1,19,0.00063215,0.02024,1.1111e-05,2.0203,1.0221
82.803,31.962,267.32,5,50.032,104.4,89.913,1,22,0.00064627,0.044,0.00096667,4.401,1.4563
31.567,10.638,48.892,5,50.034,100.73,89.949,1,20,0.00068377,0.0073396,0.00056667,0.73257,1.096
10.823,41.283,25.223,5,50.061,103.21,90.301,1,17,0.0012129,0.032099,0.0033444,3.2247,1.2042
59.827,32.01,175.79,5,50.024,100.72,90.095,1,15,0.00048819,0.0071753,0.0010556,0.72664,1.0918
28.741,31.243,85.96,5,50.051,102.49,90.076,1,16,0.0010193,0.024902,0.00084444,2.4917,1.1116
70.21,39.153,259.1,5,50.026,101.41,90.048,1,18,0.00051433,0.014062,0.00053333,1.4111,1.4037
69.042,28.547,-2.9828,5,50.028,104.07,90.045,1,34,0.00056845,0.040701,0.0005,4.0703,2.299
81.227,38.612,-5.8152,5,50.032,101.16,89.913,1,27,0.00064915,0.011597,0.00096667,1.1637,1.9601
31.214,14.031,223.11,5,14.303,-0.55622,263.75,0,5,0.71394,1.0056,1.9306,203.9,0.2841
71.766,44.719,-25.934,5,50.029,102.08,89.995,1,27,0.00057689,0.020774,5.5556e-05,2.0802,2.2723
69.697,49.467,143.44,5,49.976,103.84,88.681,1,13,0.00048833,0.038448,0.014656,4.0603,1.1985
80.715,41.103,96.706,5,49.865,100.22,89.481,1,15,0.0027025,0.0022138,0.0057667,0.57964,1.1291
13.636,11.934,-61.795,5,50.034,100.79,89.952,1,24,0.00068028,0.0079092,0.00053333,0.79219,1.2595
12.267,12.727,-28.025,5,50.03,100.28,90.091,1,23,0.00059353,0.0028131,0.0010111,0.29594,1.2095
73.723,22.458,17.443,5,50.03,102.3,90.023,1,33,0.00060877,0.023031,0.00025556,2.3003,2.0348
92.408,26.152,55.012,5,49.975,102.56,88.698,1,20,0.00049478,0.025606,0.014467,2.8722,1.1743
87.727,28.562,16.392,5,50.032,102.39,89.96,1,32,0.00064637,0.023943,0.00044444,2.3905,1.9805
33.823,33.593,189.13,5,50.147,104.71,98.345,0,19,0.0029476,0.047094,0.092722,9.5836,1.3899
31.628,32.752,203.34,5,50.034,102.97,89.955,1,31,0.00068245,0.02967,0.0005,2.9705,2.2234
37.673,20.946,-5.6105,5,50.034,102.93,89.964,1,18,0.00067595,0.029325,0.0004,2.9304,1.1249
28.107,7.8707,42.156,5,50.033,101.08,89.973,1,21,0.00066275,0.010792,0.0003,1.0808,1.1088
15.242,29.947,136.64,5,50.133,104.78,89.684,1,19,0.0026588,0.047833,0.0035111,4.7923,1.2148
64.054,39.272,-73.705,5,50.029,100.8,90.031,1,31,0.00058736,0.0080406,0.00034444,0.80113,2.4866
59.59,29.977,257.67,5,50.035,100.51,90.264,1,20,0.00070022,0.0050652,0.0029333,0.57534,1.4149
24.446,10.534,-55.483,5,50.033,102.21,89.98,1,23,0.00065249,0.022089,0.00022222,2.2103,1.236
26.86,28.812,193.24,5,50.03,101.62,90.044,1,30,0.00060993,0.016191,0.00048889,1.6209,2.0039
43.819,17.878,75.755,5,50.031,101.82,90.004,1,17,0.00062952,0.018154,4.4444e-05,1.8203,1.0321
90.289,25.092,196.13,5,50.031,101.63,89.821,1,21,0.00062376,0.01634,0.0019889,1.6401,1.2345
44.965,44.419,127.92,5,50.037,103.4,89.707,1,12,0.00073835,0.033962,0.0032556,3.4128,1.0751
8.7117,13.973,22.625,5,50.038,104.57,89.906,1,23,0.00075393,0.045719,0.0010444,4.5711,1.2052
12.029,42.438,113.1,5,50.553,102.13,101.79,0,16,0.01106,0.021312,0.131,11.994,1.1601
60.546,28.714,244.89,5,50.036,104.79,89.995,1,20,0.0007201,0.047906,5.5556e-05,4.7901,1.3877
50.056,41.583,-82.815,5,49.875,102.4,82.532,0,20,0.0024992,0.024018,0.082978,7.8452,1.7118
38.454,19.156,-23.352,5,50.032,104.18,90,1,19,0.00063689,0.041833,0,4.1801,1.1633
37.494,12.75,-71.444,5,50.033,101.94,89.957,1,23,0.0006564,0.019449,0.00047778,1.9408,1.3047
73.456,25.725,99.955,5,50.012,104.62,90.121,1,18,0.0002467,0.046209,0.0013444,4.6216,1.1555
52.113,7.6185,-68.759,5,50.031,102.31,89.769,1,26,0.00061065,0.023114,0.0025667,2.3217,1.4068
53.965,15.142,221.92,5,50.031,102.62,90.134,1,21,0.00062049,0.026185,0.0014889,2.6236,1.236
61.964,36.871,83.584,5,50.032,104.14,89.768,1,14,0.00064547,0.041409,0.0025778,4.1466,1.0894
72.088,30.868,52.329,5,49.899,100.78,89.676,1,16,0.0020292,0.007802,0.0036,0.85063,1.1023
13.71,43.347,63.526,5,50.14,103.14,89.956,1,16,0.0027932,0.031357,0.00048889,3.1434,1.1891
35.533,44.972,238.17,5,50.032,103.66,90.044,1,30,0.00063113,0.036565,0.00048889,3.6604,2.6363
21.286,45.636,-86.804,5,50.04,100.42,89.993,1,18,0.00080269,0.0042325,7.7778e-05,0.42196,1.4639
64.39,11.152,51.628,5,50.024,102.02,90.097,1,19,0.000472,0.020151,0.0010778,2.0225,1.0555
86.785,34.913,189.51,5,50.02,104.43,89.817,1,19,0.00040229,0.044338,0.0020333,4.4338,1.2707
25.515,32.401,233.58,5,50.032,104.44,89.991,1,27,0.0006444,0.044375,0.0001,4.4401,1.8777
15.187,46.7,121.61,5,50.823,103.36,105.1,0,15,0.016463,0.033574,0.16778,15.491,1.1781
33.341,20.501,45.399,5,50.032,101.34,90.028,1,18,0.00063692,0.013406,0.00031111,1.3407,1.108
87.573,18.806,29.158,5,101.74,18.513,-24.721,0,3,1.0349,0.81487,1.2747,149.93,0.16766
23.537,10.448,177.19,5,10.95,-2.1278,262.11,0,4,0.781,1.0213,1.9123,203.9,0.21418
11.56,10.641,214.84,5,10.213,-3.335,-70.212,0,3,0.79573,1.0333,1.7801,194.75,0.1542
72.677,12.062,9.7035,5,91.312,-1.1112,262.67,0,6,0.82624,1.0111,1.9186,204.32,0.33034
41.232,35.579,268.77,5,50.03,102.92,90.044,1,35,0.00060989,0.029185,0.00048889,2.9205,2.6917
18.8,24.861,8.6305,5,50.042,101.28,89.882,1,19,0.00084249,0.012819,0.0013111,1.2861,1.1677
45.572,16.807,-57.558,5,50.015,103.41,89.925,1,22,0.00030987,0.03406,0.00083333,3.4109,1.3204
15.609,13.846,249.78,5,50.032,101.43,89.996,1,27,0.00063828,0.0143,4.4444e-05,1.4304,1.4553
52.634,18.947,-23.302,5,49.97,100.37,89.849,1,19,0.00059617,0.0036538,0.0016778,0.40075,1.1715
82.838,39.055,76.669,5,49.891,102.13,89.716,1,16,0.0021774,0.021325,0.0031556,2.1516,1.1556
22.253,34.86,211.11,5,50.033,103.14,89.969,1,26,0.00066549,0.031422,0.00034444,3.1403,1.8361
68.666,22.736,83.367,5,50.029,101.84,89.475,1,17,0.00057521,0.018373,0.0058333,1.9137,1.0694
51.117,45.902,156.89,5,50.024,103.61,90.014,1,12,0.00047304,0.036108,0.00015556,3.6101,1.1089
64.185,8.707,-37.149,5,90.83,-3.0347,-84.583,0,7,0.81659,1.0303,1.9398,206.79,0.37883
22.762,37.918,15.461,5,50.07,103.11,89.753,1,16,0.0014031,0.031136,0.0027444,3.1206,1.18
22.59,17.073,146.74,5,50.056,101.67,90.061,1,21,0.0011148,0.016704,0.00067778,1.6721,1.2022
61.079,47.871,63.659,5,49.981,100.25,88.87,1,11,0.0003803,0.0025372,0.012556,1.1575,1.032
62.259,16.687,71.858,5,50.028,103.87,90.057,1,18,0.00056355,0.038693,0.00063333,3.8705,1.0688
44.803,34.099,-61.042,5,49.957,104.64,89.212,1,19,0.00086996,0.046416,0.0087556,4.7066,1.4371
31.148,10.431,186.28,5,9.4521,-4.0509,-61.295,0,8,0.81096,1.0405,1.6811,188.04,0.43701
65.221,26.269,172.28,5,50.024,102.59,90.087,1,17,0.00047605,0.025879,0.00096667,2.5916,1.129
24.404,30.586,54.709,5,50.035,101.83,90.107,1,17,0.00070599,0.018259,0.0011889,1.8335,1.1489
89.347,43.544,66.046,5,49.219,102.07,75.614,0,16,0.015627,0.020732,0.15984,14.555,1.1625
50.891,12.746,-89.13,5,50.031,104.7,89.829,1,27,0.0006129,0.047002,0.0019,4.7032,1.5471
89.381,12.335,-3.9013,5,96.868,-3.655,257.09,0,4,0.93736,1.0365,1.8566,202.14,0.20811
72.538,14.352,146.37,5,50.032,102.21,89.919,1,20,0.00064686,0.022102,0.0009,2.2117,1.1291
15.917,36.905,-20.459,5,50.039,103.6,90.279,1,18,0.00077174,0.036023,0.0031,3.611,1.255
64.117,27.479,-50.818,5,50.032,100.92,89.987,1,33,0.00063234,0.009216,0.00014444,0.92065,2.2333
15.49,45.284,79.696,5,50.123,101.99,94.778,0,15,0.0024517,0.019948,0.053089,5.1773,1.1594
29.327,49.928,-23.334,5,50.053,100.81,91.011,1,13,0.0010624,0.0081013,0.011233,1.2965,1.1999
81.849,21.573,-21.04,5,50.03,100.56,90.027,1,29,0.00060377,0.0055918,0.0003,0.56145,1.713
25.808,46.649,179.9,5,50.032,102.71,90.049,1,27,0.00064425,0.027052,0.00054444,2.7106,2.3046
67.359,37.635,-71.73,5,50.033,103.05,89.953,1,30,0.00065172,0.030531,0.00052222,3.0505,2.3171
43.888,20.27,92.21,5,50.031,104.24,90.004,1,17,0.00062936,0.042393,4.4444e-05,4.2401,1.063
23.297,44.827,70.654,5,50.138,101.09,90.014,1,14,0.0027584,0.010852,0.00015556,1.0988,1.142
28.747,45.643,19.115,5,50.045,104.48,90.421,1,14,0.00090227,0.044841,0.0046778,4.5,1.1994
62.581,17.423,160.58,5,50.029,100.31,90.042,1,18,0.00057771,0.0031119,0.00046667,0.31417,1.0775
61.903,49.121,263.05,5,50.076,103.07,90.261,1,17,0.0015262,0.030711,0.0029,3.082,1.6267
83.847,17.129,-23.683,5,84.862,-0.47372,235.31,0,4,0.69725,1.0047,1.6146,180.07,0.22342
28.057,30.769,-32.63,5,50.035,104.39,89.974,1,18,0.00070612,0.043861,0.00028889,4.3902,1.2392
31.476,43.893,244.11,5,50.033,102.73,89.991,1,28,0.00065318,0.027344,0.0001,2.7302,2.3695
48.71,10.189,241.94,5,50.031,100.05,90.349,1,24,0.00062604,0.00053491,0.0038778,0.35392,1.336
70.228,25.621,143.44,5,50.025,104.67,90.062,1,18,0.00049083,0.046719,0.00068889,4.6705,1.1676
27.924,38.959,56.918,5,50.067,102.46,89.738,1,15,0.0013379,0.024603,0.0029111,2.4748,1.1554
77.948,39.057,64.855,5,49.852,100.05,85.855,1,15,0.0029638,0.00050029,0.046056,4.1479,1.1186
53.875,26.399,114.36,5,50.031,100.76,90.027,1,15,0.00061141,0.0076097,0.0003,0.76111,1.0176
8.5747,23.423,-49.781,5,50.031,100.05,90.113,1,22,0.00061232,0.00050365,0.0012556,0.1274,1.2634
56.25,30.586,269.38,5,50.075,104.39,90.038,1,22,0.0014942,0.043889,0.00042222,4.3908,1.5783
28.78,40.268,94.812,5,50.104,102.05,93.167,1,14,0.0020783,0.020488,0.035189,3.774,1.1043
62.819,15.677,13.798,5,49.978,101.56,90.318,1,19,0.00044923,0.015573,0.0035333,1.5922,1.1138
51.51,23.279,188.37,5,50.03,100.28,90.166,1,17,0.00059339,0.0027539,0.0018444,0.32689,1.1077
26.451,19.634,97.123,5,50.037,104.07,89.968,1,19,0.00074663,0.040739,0.00035556,4.0703,1.1344
32.128,34.655,123.67,5,50.129,103.66,89.348,1,15,0.0025743,0.036603,0.0072444,3.7199,1.1071
53.009,36.333,239.24,5,50.165,101.07,95.005,0,18,0.0033045,0.010749,0.055611,5.1208,1.412
57.714,45.552,-71.184,5,50.026,101.14,90.061,1,33,0.0005118,0.011363,0.00067778,1.1419,3.0004
26.32,20.704,126.71,5,50.031,104.31,90.347,1,19,0.00062675,0.043085,0.0038556,4.3241,1.148
51.655,30.26,8.2388,5,50.014,100.25,90.323,1,15,0.00028096,0.0024607,0.0035889,0.40869,1.0751
60.963,38.19,-85.371,5,50.031,100.5,89.995,1,33,0.0006198,0.004991,5.5556e-05,0.50099,2.6284
22.66,34.607,-10.173,5,50.031,102.56,90.36,1,17,0.00062363,0.025557,0.004,2.5854,1.1992
61.098,45.405,56.666,5,49.974,102.69,90.105,1,12,0.00052432,0.026892,0.0011667,2.6922,1.077
36.279,43.092,173.36,5,53.317,101.3,96.353,0,14,0.066343,0.013049,0.070589,7.2838,1.1958
57.999,23.595,266.24,5,50.042,104.65,90.057,1,23,0.00083342,0.046474,0.00063333,4.6505,1.497
36.39,37.642,-4.3476,5,50.033,104.01,90.052,1,15,0.00066721,0.040149,0.00057778,4.0105,1.1751
31.149,41.173,213.74,5,50.031,103,90.065,1,29,0.00061732,0.030024,0.00072222,3.0009,2.3473
11.163,16.558,56.802,5,50.033,104.08,90.006,1,22,0.00066799,0.040809,6.6667e-05,4.0801,1.1952
56.151,24.141,-72.223,5,49.994,100.9,88.926,1,24,0.00011771,0.0090326,0.011933,1.4013,1.5767
11.626,39.034,163.77,5,50.032,102.97,90.029,1,30,0.00063683,0.029721,0.00032222,2.9703,2.0823
49.076,42.39,90.903,5,50.031,102.34,90.005,1,12,0.00062003,0.023371,5.5556e-05,2.3402,1.0413
11.498,17.303,42.282,5,50.034,104.65,89.988,1,22,0.0006862,0.046482,0.00013333,4.6501,1.2059
86.475,23.638,86.977,5,50.021,104.29,89.768,1,20,0.00041501,0.042879,0.0025778,4.2963,1.1817
30.278,17.177,170.16,5,50.069,103.84,89.73,1,21,0.0013751,0.038387,0.003,3.8501,1.2333
85.104,18.743,-4.6055,5,89.605,-1.165,232.23,0,5,0.7921,1.0116,1.5803,178.98,0.28244
92.446,9.1907,34.285,5,49.999,102.9,89.906,1,25,1.8204e-05,0.02904,0.0010444,2.9015,1.247
10.135,8.3888,215.01,5,7.1101,-0.8903,264.54,0,2,0.8578,1.0089,1.9393,206.11,0.10009
92.385,20.112,91.485,5,50.023,101.52,89.567,1,21,0.00045512,0.015198,0.0048111,1.5806,1.161
72.152,18.627,85.298,5,50.029,104.18,89.859,1,19,0.00058612,0.041756,0.0015667,4.1825,1.1265
29.706,34.851,68.371,5,50.05,100.75,90.095,1,15,0.00099404,0.007512,0.0010556,0.75764,1.0991
17.771,15.522,155.97,5,6.4079,-3.5905,-57.696,0,6,0.87184,1.0359,1.6411,185.59,0.33179
20.608,48.277,-13.213,5,50.063,104.82,90.609,1,15,0.0012614,0.048224,0.0067667,4.8587,1.2607
15.682,35.077,127.68,5,50.086,101.84,91.075,1,17,0.0017275,0.018426,0.011944,2.1327,1.1575
29.953,14.725,200.08,5,11.544,-0.66369,-80.361,0,6,0.76913,1.0066,1.8929,201.58,0.34247
62.478,15.612,168.94,5,50.032,103.29,89.96,1,19,0.00064571,0.032934,0.00044444,3.2904,1.1136
44.181,38.365,-1.7922,5,50.028,102.93,90.149,1,14,0.00056358,0.029318,0.0016556,2.9339,1.1307
59.664,37.422,-75.063,5,50.032,103.81,89.975,1,34,0.00063694,0.038056,0.00027778,3.8102,2.6848
7.7281,28.184,49.395,5,50.039,103.16,90.27,1,20,0.00077596,0.031645,0.003,3.1718,1.2
33.947,42.612,112.65,5,50.17,102.91,91.093,1,13,0.0033997,0.029133,0.012144,3.1131,1.0908
54.983,36.524,-13.593,5,49.785,104.86,86.726,1,16,0.0043053,0.048641,0.036378,5.8639,1.2564
21.876,9.1254,127.45,5,50.035,104.67,89.984,1,22,0.00069393,0.046743,0.00017778,4.6702,1.1563
62.081,15.791,-26.655,5,49.996,104.02,89.945,1,23,8.7097e-05,0.040161,0.00061111,4.0204,1.3518
91.46,19.637,54.762,5,49.976,101.67,90.11,1,21,0.00047156,0.016741,0.0012222,1.6738,1.1612
60.023,32.876,222.15,5,50.031,102.42,89.998,1,17,0.00062007,0.024241,2.2222e-05,2.4202,1.2524
71.715,13.816,79.134,5,50.011,100.29,90.091,1,19,0.0002227,0.0029296,0.0010111,0.30414,1.0689
34.622,39.225,160.6,5,50.831,104.11,105.09,0,15,0.01663,0.04112,0.16767,15.662,1.1964
14.615,19.979,188.4,5,11.553,-0.2404,-48.244,0,5,0.76895,1.0024,1.536,175.04,0.28573
28.353,48.507,29.69,5,50.091,102,89.972,1,13,0.001817,0.020022,0.00031111,2.0023,1.1637
57.775,29.495,238.14,5,50.036,101.99,90.247,1,19,0.00071256,0.019884,0.0027444,2.0056,1.3393
21.773,21.14,217.27,5,50.031,102.46,90.009,1,28,0.00062918,0.024641,0.0001,2.4602,1.6714
71.386,24.817,-88.633,5,73.635,-2.5782,231.32,0,6,0.47269,1.0258,1.5702,176.22,0.3838
68.713,48.812,105.93,5,49.431,102.22,78.751,0,12,0.011381,0.02223,0.12499,11.48,1.1009
55.357,11.679,58.692,5,50.031,100.74,90.026,1,18,0.00061498,0.0073609,0.00028889,0.74111,1.0171
14.679,34.571,46.687,5,50.054,104.24,89.882,1,18,0.0010856,0.04243,0.0013111,4.242,1.2104
47.038,48.019,92.508,5,50.034,102.67,89.877,1,11,0.00068232,0.026702,0.0013667,2.673,1.0564
85.196,41.492,-8.8483,5,50.023,101.4,90.087,1,27,0.00046768,0.014026,0.00096667,1.4029,1.9772
91.179,13.877,-34.41,5,92.649,-0.099031,250.86,0,3,0.85298,1.001,1.7873,194.2,0.15713
43.646,8.0745,-53.606,5,50.03,102.06,89.969,1,23,0.00060036,0.020633,0.00034444,2.0605,1.248
75.918,33.883,-68.08,5,50.033,104.08,89.953,1,25,0.00065178,0.040777,0.00052222,4.0804,1.7602
59.664,28.04,-10.315,5,49.888,103.51,88.417,1,18,0.0022495,0.035092,0.017589,3.8521,1.2396
83.433,15.699,-6.9984,5,90.155,-0.62441,254.38,0,4,0.80309,1.0062,1.8264,196.87,0.22054
20.188,26.787,220.34,5,50.032,104.5,89.986,1,27,0.00064835,0.045007,0.00015556,4.5001,1.7078
35.815,33.988,154.94,5,50.407,101.61,99.543,0,15,0.0081414,0.016137,0.10603,9.6864,1.1108
81.478,38.954,235.45,5,50.016,102.09,90.06,1,18,0.00032871,0.020866,0.00066667,2.0909,1.3104
61.263,45.63,141.79,5,50.022,104.06,89.454,1,13,0.00044568,0.040574,0.0060667,4.0966,1.1706
38.176,28.43,66.664,5,50.037,104.99,89.977,1,16,0.00073369,0.049895,0.00025556,4.9902,1.1028
59.578,27.117,104.91,5,50.028,104.98,90.082,1,16,0.0005554,0.049789,0.00091111,4.9808,1.0883
62.299,21.189,-9.0215,5,49.986,104.22,90.091,1,20,0.00028949,0.04221,0.0010111,4.221,1.2537
57.736,33.639,127.71,5,50.024,103.88,90.079,1,15,0.00047101,0.038802,0.00087778,3.8809,1.1226
64.344,46.293,58.257,5,49.803,102.53,88.156,1,12,0.0039364,0.025283,0.020489,3.1369,1.0793
11.082,11.611,-63.296,5,50.032,103.36,90.011,1,25,0.00063178,0.033588,0.00012222,3.3602,1.2943
52.839,20.63,266.06,5,50.06,103.25,89.873,1,24,0.0011928,0.032537,0.0014111,3.253,1.5109
21.714,38.6,-81.687,5,50.031,100.59,90.157,1,19,0.00062281,0.0058592,0.0017444,0.61132,1.4053
82.976,14,252.6,5,50.032,101.68,89.953,1,24,0.00064918,0.016751,0.00052222,1.681,1.3029
16.658,36.25,121.59,5,50.127,103.87,90.254,1,17,0.002536,0.03866,0.0028222,3.8804,1.1815
90.704,10.792,266.81,5,50.03,103.91,90.021,1,27,0.00060864,0.039118,0.00023333,3.9102,1.3768
40.454,14.344,0.84481,5,50.032,103.13,89.982,1,19,0.0006499,0.031285,0.0002,3.1302,1.1023
52.855,16.144,-51.761,5,50.02,104.57,89.532,1,23,0.00039433,0.045723,0.0052,4.5939,1.3706
13.225,38.159,23.808,5,50.051,101.88,91.046,1,17,0.0010195,0.01881,0.011622,2.152,1.1814
68.153,26.43,111.42,5,50.013,104.39,90.124,1,17,0.00026639,0.043931,0.0013778,4.3918,1.1217
51.197,45.308,51.183,5,50.038,104.61,89.88,1,12,0.00075881,0.04607,0.0013333,4.6117,1.0968
63.805,27.992,-15.6,5,49.885,101.63,89.637,1,19,0.0023015,0.016299,0.0040333,1.6739,1.2957
60.109,9.3327,242.86,5,50.032,100.98,90.017,1,23,0.00063662,0.0098254,0.00018889,0.98067,1.2606
81.608,36.78,-42.201,5,50.029,104.29,90.041,1,25,0.00057997,0.042852,0.00045556,4.2903,1.7685
70.615,14.441,232.76,5,50.031,104.63,90.012,1,22,0.00061712,0.046266,0.00013333,4.6301,1.2499
58.395,9.5074,161.38,5,50.032,104.46,89.98,1,20,0.00064311,0.044631,0.00022222,4.4602,1.1003
40.145,45.853,-14.45,5,50.034,102.69,90.146,1,13,0.00068845,0.02692,0.0016222,2.6942,1.181
56.508,8.153,-15.508,5,50.011,104.82,90.186,1,22,0.00022053,0.048199,0.0020667,4.8236,1.1946
51.34,18.771,99.422,5,50.032,103.7,89.997,1,17,0.00063621,0.036977,3.3333e-05,3.7001,1.0463
34.914,29.833,268.53,5,24.499,-1.6538,-26.212,0,9,0.51002,1.0165,1.2912,156.49,0.627
90.166,48.067,128.68,5,49.885,104.6,87.925,1,16,0.0022968,0.046042,0.023056,5.0477,1.2185
77.583,32.186,2.5578,5,50.031,102.38,89.991,1,29,0.00062367,0.023766,0.0001,2.3802,1.9806
11.417,14.735,48.644,5,50.034,102.19,89.99,1,22,0.00068217,0.021938,0.00011111,2.1903,1.1754
75.038,35.012,198.55,5,50.011,103.82,90.084,1,17,0.00022757,0.038233,0.00093333,3.8209,1.2205
31.787,28.584,65.502,5,50.037,100.81,90.345,1,16,0.00073041,0.0080607,0.0038333,0.88119,1.0855
9.4688,8.319,-76.205,5,50.033,104.59,89.972,1,27,0.00065756,0.045929,0.00031111,4.5902,1.3468
62.818,29.513,8.3454,5,49.834,104.13,85.669,1,17,0.0033158,0.041315,0.048122,5.9868,1.1864
46.695,44.549,269.44,5,50.14,104.34,97.462,0,21,0.0027923,0.043417,0.082911,8.6335,1.8902
54.63,13.579,197.77,5,50.034,104.24,89.939,1,20,0.0006774,0.042397,0.00067778,4.2406,1.1555
54.836,36.745,-14.228,5,49.777,104.99,86.638,1,16,0.0044534,0.049889,0.037356,6.021,1.261
67.707,7.2627,92.648,5,50.029,101.73,89.963,1,20,0.00057486,0.017337,0.00041111,1.7306,1.0592
51.728,35.117,-85.334,5,49.966,103.47,89.233,1,22,0.00067186,0.034696,0.0085222,3.5539,1.6948
44.247,40.06,182.17,5,50.263,101.17,96.589,0,14,0.0052546,0.011673,0.073211,6.6972,1.1625
22.347,10.94,140.66,5,50.037,104.35,89.968,1,22,0.00074598,0.043452,0.00035556,4.3503,1.1796
77.001,23.537,6.1031,5,50.03,101.74,90.022,1,31,0.00060744,0.017444,0.00024444,1.7404,1.9114
87.49,47.598,244.64,5,49.976,100.15,88.67,1,17,0.00048163,0.001461,0.014778,1.3386,1.3192
64.306,47.63,11.357,5,46.139,101.59,98.639,0,13,0.077218,0.015889,0.095989,9.5952,1.1973
42.203,41.005,-35.891,5,50.011,101.84,90.182,1,15,0.00021161,0.018441,0.0020222,1.849,1.2603
53.094,45.872,110.94,5,50.027,100.46,90.128,1,11,0.00054734,0.0046271,0.0014222,0.47824,1.0144
55.577,21.569,22.999,5,50.023,102.61,90.154,1,17,0.00045581,0.026053,0.0017111,2.6146,1.081
23.391,8.0738,88.878,5,50.032,104.96,90,1,22,0.00064474,0.049551,0,4.9601,1.1494
87.782,43.017,-54.464,5,50.03,103.02,89.787,1,23,0.00059763,0.030175,0.0023667,3.0277,1.682
47.985,30.558,131.39,5,50.032,104.73,89.966,1,15,0.0006439,0.047318,0.00037778,4.7302,1.0796
78.194,46.033,155.47,5,49.862,100.6,89.5,1,14,0.002763,0.0059986,0.0055556,0.79312,1.1496
50.515,40.841,139.96,5,50.025,104.12,90.038,1,13,0.00050092,0.041197,0.00042222,4.1203,1.0987
90.738,29.997,-28.217,5,50.032,104.42,89.964,1,29,0.00064662,0.044231,0.0004,4.4203,1.7903
78.839,43.531,-39.251,5,50.023,101.07,90.083,1,23,0.00046896,0.010674,0.00092222,1.0735,1.8137
16.917,13.863,81.657,5,50.03,101.53,90.119,1,21,0.00060967,0.015349,0.0013222,1.5349,1.1379
64.787,37.804,-54.983,5,50.029,102.02,90.039,1,31,0.00057343,0.020175,0.00043333,2.0206,2.4245
83.704,45.274,44.293,5,47.892,101.14,70.923,0,15,0.042156,0.011436,0.21197,19.227,1.1669
24.845,34.487,105.88,5,50.054,102.65,90.986,1,16,0.0010866,0.026547,0.010956,2.828,1.14
68.246,17.397,266.13,5,50.032,101.93,89.985,1,23,0.00063957,0.019336,0.00016667,1.9303,1.3594
73.271,22.619,71.495,5,50.02,102.18,89.452,1,18,0.00040946,0.021769,0.0060889,2.2479,1.1138
34.352,12.179,-76.134,5,50.032,100.23,89.977,1,23,0.000649,0.0023062,0.00025556,0.23335,1.2892
21.769,21.72,203.96,5,50.031,102.62,90.013,1,29,0.00062657,0.026211,0.00014444,2.6202,1.7425
57.351,40.072,152.96,5,50.01,100.59,90.126,1,13,0.00020799,0.0058867,0.0014,0.60339,1.0766
58.284,31.157,236.33,5,50.047,104.61,90.037,1,19,0.00093008,0.04607,0.00041111,4.6104,1.3701
40.248,22.198,165.37,5,50.071,100.2,90.224,1,17,0.0014179,0.0020127,0.0024889,0.30857,1.084
33.721,27.71,-76.306,5,50.032,100.86,89.979,1,20,0.00064969,0.0086189,0.00023333,0.86085,1.3495
91.528,21.106,121.7,5,50.01,101.84,90.114,1,21,0.00020691,0.018419,0.0012667,1.8436,1.1777
77.445,30.091,233.93,5,50.026,100.92,90.035,1,19,0.00052578,0.0092139,0.00038889,0.92103,1.2649
63.286,19.073,65.875,5,50.025,100.75,89.99,1,17,0.00049795,0.007495,0.00011111,0.75048,1.0365
21.848,9.914,134.01,5,50.031,104.65,90.16,1,22,0.00062047,0.04646,0.0017778,4.6529,1.1655
71.722,47.128,178.15,5,49.99,104.96,89.765,1,14,0.00019712,0.049571,0.0026111,4.9656,1.2246
48.849,27.878,-54.331,5,49.898,104.06,89.193,1,20,0.0020401,0.040551,0.0089667,4.1407,1.3864
61.444,22.187,-48.906,5,50.031,100.16,90.01,1,35,0.00061811,0.0016035,0.00011111,0.16328,2.2251
35.736,46.296,-69.76,5,50.018,101.58,90.319,1,16,0.00035936,0.015821,0.0035444,1.612,1.4397
14.23,17.487,17.778,5,50.03,101.68,90.153,1,21,0.0005945,0.016816,0.0017,1.6872,1.1675
76.035,19.69,-32.827,5,75.813,-0.80046,219.63,0,5,0.51626,1.008,1.4403,166.23,0.29612
22.19,18.818,250.58,5,50.031,103.09,90.013,1,26,0.00062617,0.030948,0.00014444,3.0902,1.5149
34.733,34.877,2.4803,5,50.046,101,89.83,1,15,0.00092707,0.0099703,0.0018889,1.0154,1.1213
71.114,18.352,-25.814,5,84.094,-1.204,243.14,0,6,0.68187,1.012,1.7016,186.7,0.35573
88.834,45.953,-67.673,5,50.022,100.44,89.649,1,21,0.00044173,0.0043853,0.0039,0.56328,1.5777
85.621,10.045,64.458,5,50.028,101.06,89.877,1,22,0.00056592,0.010631,0.0013667,1.0675,1.1369
21.514,46.119,238.1,5,50.029,101.32,90.194,1,21,0.00058114,0.013215,0.0021556,1.3345,1.7228
89.243,8.604,115.09,5,50.029,101.22,89.994,1,23,0.00057808,0.012181,6.6667e-05,1.2204,1.1562
75.847,41.592,151.65,5,49.99,102.53,89.764,1,15,0.00019702,0.025337,0.0026222,2.541,1.1742
49.165,24.528,-29.354,5,49.992,100.26,90.03,1,18,0.00016394,0.0026353,0.00033333,0.26185,1.1924
25.536,7.9281,222.84,5,19.326,-4.7971,268.25,0,3,0.61347,1.048,1.9806,209.04,0.15745
84.093,34.729,118.77,5,49.989,100.66,90.012,1,17,0.00022881,0.0066416,0.00013333,0.6602,1.1543
20.036,28.749,123.42,5,50.05,103.37,90.082,1,18,0.0010055,0.033703,0.00091111,3.3714,1.1644
83.108,46.076,-62.289,5,50.025,101.53,89.93,1,21,0.00050311,0.015264,0.00077778,1.5318,1.6594
35.277,22.239,-81.344,5,50.028,102.87,90.082,1,22,0.00056535,0.028725,0.00091111,2.8713,1.3899
50.495,19.601,-4.8165,5,50.023,101.92,90.104,1,18,0.000465,0.019191,0.0011556,1.923,1.1194
78.564,21.992,166.44,5,50.03,100.85,89.791,1,19,0.00059626,0.0084991,0.0023222,0.87583,1.1436
29.07,37.344,156.39,5,50.636,100.7,102.46,0,16,0.012719,0.0069572,0.13844,12.496,1.211
77.197,31.087,-54.109,5,50.032,101.8,89.958,1,25,0.00064616,0.018011,0.00046667,1.8008,1.6872
19.261,8.5476,157.38,5,5.0083,-2.1176,254.14,0,4,0.89983,1.0212,1.8238,198.48,0.2073
49.004,45.859,143.34,5,50.025,104.25,89.935,1,12,0.00049188,0.042491,0.00072222,4.2506,1.108
81.537,24.02,12.603,5,50.031,100.83,90.002,1,31,0.00062264,0.0082677,2.2222e-05,0.83058,1.8841
92.511,38.118,52.019,5,49.857,104.29,82.685,0,18,0.0028654,0.042911,0.081278,8.4814,1.1988
31.832,19.514,-89.325,5,50.033,102.74,89.971,1,23,0.00065622,0.027391,0.00032222,2.7404,1.3937
20.801,37.279,218.7,5,50.033,104.54,89.976,1,25,0.00066714,0.045362,0.00026667,4.5402,1.8068
37.458,37.523,-30.865,5,50.028,100.75,90.2,1,15,0.00056675,0.0075186,0.0022222,0.77671,1.177
25.343,42.648,-57.975,5,50.046,104.19,89.83,1,17,0.00091354,0.041861,0.0018889,4.1937,1.3616
71,18.266,193.31,5,50.032,100.03,89.906,1,19,0.0006439,0.00025734,0.0010444,0.10373,1.1257
15.51,8.1961,-86.638,5,26.792,-0.26367,-12.554,0,3,0.46416,1.0026,1.1395,145.29,0.15295
89.115,33.422,156.81,5,49.988,100.46,90.04,1,18,0.0002373,0.0045571,0.00044444,0.46189,1.1655
16.991,21.859,-84.614,5,50.033,100.2,89.988,1,23,0.00065632,0.0019976,0.00013333,0.20306,1.3557
20.892,13.592,21.583,5,50.032,102.49,90.028,1,21,0.00063688,0.02492,0.00031111,2.4904,1.1516
32.51,9.359,-58.495,5,50.032,104.06,89.989,1,23,0.00064253,0.040617,0.00012222,4.0601,1.2458
44.627,12.414,-39.202,5,50.034,101.41,89.881,1,21,0.00067729,0.014092,0.0013222,1.4154,1.1966
60.073,45.33,123.07,5,50.022,104.77,89.548,1,13,0.00044965,0.047743,0.0050222,4.7914,1.1693
22.862,47.084,243.95,5,50.03,100.95,90.145,1,21,0.00059793,0.0094833,0.0016111,0.96147,1.7656
44.455,44.78,-67.316,5,49.858,102.89,85.179,0,17,0.0028363,0.028859,0.053567,5.6227,1.5316
71.481,37.39,-50.673,5,50.032,103.78,89.958,1,28,0.0006461,0.037782,0.00046667,3.7804,2.115
69.856,14.834,8.2158,5,50.024,104.64,89.582,1,22,0.00047759,0.046381,0.0046444,4.6589,1.2579
66.787,29.574,136.76,5,50.031,100.29,89.807,1,16,0.00062729,0.0029163,0.0021444,0.34973,1.105
32.111,11.86,158.56,5,50.044,104.51,89.932,1,21,0.00087074,0.045134,0.00075556,4.5107,1.1675
46.192,27.89,250.51,5,50.043,104.9,90.81,1,23,0.0008645,0.048961,0.009,4.9667,1.5926
7.6288,46.978,246.84,5,50.035,103.43,90.125,1,22,0.00069902,0.034268,0.0013889,3.4325,1.6207
48.728,19.37,-37.855,5,50.018,102.33,89.608,1,20,0.00035725,0.023324,0.0043556,2.3628,1.2401
79.886,19.162,180.21,5,50.025,100.02,90.067,1,20,0.00049501,0.00021172,0.00074444,0.074256,1.1603
50.271,44.472,76.016,5,50.03,104.46,90.044,1,12,0.00060694,0.044637,0.00048889,4.4603,1.0805
44.003,43.729,197.35,5,53.027,100.32,85.161,0,14,0.060548,0.0032409,0.053767,5.7167,1.237
61.12,35.754,144.5,5,50.031,104.27,89.77,1,15,0.00062775,0.042687,0.0025556,4.2763,1.1503
31.91,33.019,28.928,5,50.045,103.4,89.842,1,16,0.00089307,0.034045,0.0017556,3.404,1.1531
55.9,23.484,46.117,5,50.035,101.9,89.891,1,16,0.00070559,0.018969,0.0012111,1.9034,1.0424
51.611,27.396,85.532,5,50.032,102.27,89.987,1,15,0.00064361,0.022679,0.00014444,2.2703,1.0328
43.105,16.417,-71.066,5,50.03,103.64,89.86,1,23,0.0006069,0.036414,0.0015556,3.6428,1.3712
67.208,8.7098,162.23,5,50.031,104.42,90.009,1,21,0.00061878,0.044155,0.0001,4.4201,1.1303
69.319,36.054,244.61,5,50.031,103.03,89.957,1,18,0.00062112,0.030278,0.00047778,3.0305,1.3473
66.091,25.201,168.4,5,50.024,101.25,90.064,1,17,0.00048375,0.012476,0.00071111,1.2519,1.111
32.328,46.908,267.89,5,50.032,101.41,89.998,1,28,0.00064611,0.014064,2.2222e-05,1.4104,2.502
55.073,18.275,-8.8707,5,50.017,102.93,89.481,1,19,0.00033164,0.029325,0.0057667,2.9757,1.1602
31.345,37.814,264.22,5,50.03,100.48,90.043,1,29,0.00060955,0.004799,0.00047778,0.48286,2.2334
17.686,12.815,239.72,5,22.567,-0.3675,-44.686,0,3,0.54866,1.0037,1.4965,170.2,0.16132
26.265,36.594,144.49,5,50.142,101.57,97.398,0,16,0.0028453,0.015655,0.0822,7.5641,1.1816
80.747,34.072,-32.985,5,50.028,103.49,90.052,1,26,0.0005659,0.034893,0.00057778,3.4905,1.7871
43.591,25.141,46.871,5,50.03,100.83,90.059,1,16,0.00060985,0.0083239,0.00065556,0.83263,1.0648
43.23,14.774,9.1944,5,50.031,100.1,90.032,1,18,0.00061628,0.00096553,0.00035556,0.10948,1.0527
56.093,46.971,-46.122,5,47.903,103.46,70.944,0,17,0.041937,0.034579,0.21173,19.481,1.5924
17.325,25.599,194.52,5,50.03,101.34,90.044,1,29,0.00060912,0.013428,0.00048889,1.3411,1.7844
79.249,22.717,251.94,5,50.029,102.61,90.04,1,22,0.00057251,0.026126,0.00044444,2.6105,1.3312
46.241,22.167,156.96,5,50.028,103.83,90.107,1,17,0.00056459,0.038274,0.0011889,3.8316,1.0908
59.741,47.47,200.63,5,50.029,103.11,89.612,1,13,0.00058233,0.03106,0.0043111,3.1342,1.2167
90.13,18.988,135.4,5,50.022,100.35,89.986,1,21,0.00043506,0.0034926,0.00015556,0.35097,1.1614
9.2905,16.716,257.57,5,50.031,103.81,90.026,1,27,0.00061962,0.038117,0.00028889,3.8102,1.4563
81.581,47.116,70.854,5,49.224,100.97,75.036,0,14,0.01552,0.0096976,0.16627,15.015,1.1364
51.878,49.525,-40.3,5,47.465,100.04,117.18,0,14,0.050704,0.00042632,0.302,27.298,1.3859
37.553,25.265,79.346,5,50.036,102.12,89.958,1,16,0.0007111,0.021246,0.00046667,2.1207,1.0559
40.557,16.551,62.755,5,50.033,102.8,89.979,1,18,0.00066502,0.027959,0.00023333,2.8003,1.0717
23.035,45.8,140.67,5,50.805,104.68,104.95,0,15,0.016098,0.046832,0.16611,15.686,1.2389
70.91,22.6,4.4199,5,50.031,102.87,89.995,1,34,0.00062744,0.028673,5.5556e-05,2.8702,2.1204
8.1119,25.964,-65.376,5,50.037,104.41,89.915,1,23,0.0007495,0.044111,0.00094444,4.411,1.3519
12.068,32.359,223.14,5,50.03,101.83,90.09,1,26,0.00059663,0.018286,0.001,1.8325,1.6763
57.55,16.505,12.812,5,50.016,100.31,90.065,1,18,0.00032586,0.0030634,0.00072222,0.31715,1.0735
13.033,47.896,-22.292,5,50.104,101.77,89.856,1,16,0.002088,0.017686,0.0016,1.7789,1.2522
16.38,43.663,-16.5,5,50.058,101.2,90.895,1,16,0.0011601,0.012,0.0099444,1.4981,1.2194
32.542,17.631,254.98,5,16.982,-0.20114,260.98,0,5,0.66036,1.002,1.8998,200.91,0.29692
7.1842,15.029,-87.922,5,50.033,101.01,89.972,1,26,0.00066354,0.010116,0.00031111,1.0109,1.3663
30.001,17.179,9.393,5,50.031,101.36,90.046,1,19,0.0006297,0.013578,0.00051111,1.3611,1.115
77.952,27.829,178.43,5,50.012,100.81,90.129,1,18,0.00023023,0.0081009,0.0014333,0.8203,1.1629
28.744,39.2,190.05,5,50.033,100.83,89.987,1,29,0.00066753,0.0083412,0.00014444,0.83076,2.2513
79.367,13.682,9.4775,5,89.554,-0.77321,267.52,0,4,0.79108,1.0077,1.9724,207.93,0.21935
20.113,18.579,238.87,5,50.031,104.63,90.02,1,27,0.00062121,0.046304,0.00022222,4.6301,1.5565
79.492,41.094,-50.3,5,50.033,103.53,89.913,1,23,0.00065194,0.035269,0.00096667,3.5312,1.7457
22.066,49.739,90.489,5,50.36,100.92,100.25,0,13,0.0072087,0.0091581,0.11389,10.297,1.1304
71.119,31.945,93.107,5,49.986,103.28,90.104,1,16,0.00028426,0.032803,0.0011556,3.2817,1.1227
59.989,48.3,261.95,5,50.131,102.01,90.11,1,17,0.0026253,0.020106,0.0012222,2.0173,1.6142
56.655,40.328,262.45,5,50.171,102.29,91.019,1,19,0.0034152,0.022893,0.011322,2.5123,1.5822
60.334,48.792,241.65,5,50.047,100.94,91.056,1,15,0.00093671,0.0093815,0.011733,1.4145,1.4357
20.445,44.203,247.75,5,50.034,103.41,90,1,21,0.0006719,0.034074,0,3.4102,1.6629
27.728,27.346,261.47,5,33.795,-0.31464,-13.34,0,7,0.32409,1.0031,1.1482,144.93,0.46058
77.161,33.237,-7.9713,5,50.029,101.33,90.036,1,28,0.00058276,0.013343,0.0004,1.3308,1.9424
52.306,33.492,-50.791,5,49.886,103.25,82.472,0,19,0.002282,0.03253,0.083644,8.2004,1.4275
36.914,37.53,61.883,5,50.036,101.62,90.289,1,14,0.00072427,0.016216,0.0032111,1.646,1.0967
16.164,23.094,176.89,5,50.032,100.06,90.006,1,31,0.0006324,0.00059956,6.6667e-05,0.068264,1.8448
17.631,36.12,186.58,5,50.032,102.95,90.016,1,28,0.0006348,0.029542,0.00017778,2.9502,1.955
